0                        0                        0                        0                        1.3516434948834808       1.3516434948834917       1.9741321395767533       3.084321657109446
0                        0.15707963267948966      0.013622027738531732     0.1108526936748829       1.346241872367564        1.3541849978351408       1.9795852640060831       3.084387549113157
0                        0.3141592653589793       0.027356752796493515     0.22036972102614424      1.3306446857863656       1.3619880628296175       1.995321362004935        3.084585343929574
0                        0.47123889803846897      0.04131215845861525      0.3271215093890067       1.3064101442080762       1.3755935502186996       2.0197359538090343       3.0849153327608967
0                        0.6283185307179586       0.055586870414546956     0.4295084138417663       1.2754865441261196       1.395909890517204        2.050805379704142        3.085377779258122
0                        0.7853981633974483       0.07026561197293957      0.5257354730231935       1.2397470523132643       1.4241842854031683       2.08655481287065         3.085972572592678
0                        0.9424777960769379       0.08541470817767435      0.6138946395288777       1.200773117912197        1.4618798315626675       2.1252790842428038       3.086698715624173
0                        1.0995574287564276       0.10107748458486109      0.6922119619248396       1.1598232315279817       1.5103974267661213       2.165579912600402        3.087553629109212
0                        1.2566370614359172       0.11726928607908202      0.7594405611763847       1.1178840907224608       1.5706584039644236       2.2063228593517223       3.088532259637529
0                        1.413716694115407        0.1339717134788089       0.8152245317004374       1.075741127449732        1.6427199864576283       2.24657747711045         3.0896259980388883
0                        1.5707963267948966       0.15112555090998364      0.8601856651087505       1.0340434449037033       1.7256690093406126       2.2855660391640633       3.0908214512845915
0                        1.7278759594743862       0.1686217577194921       0.895660354734578        0.9933576852456482       1.8178634534455682       2.3226267116973327       3.0920991680362873
0                        1.8849555921538759       0.18628988629213766      0.9232751534057134       0.9542124758715608       1.9173287818502887       2.35718973608344         3.0934324948154566
0                        2.0420352248333655       0.20388351322001041      0.9171365745538456       0.9445978502454138       2.022064185575024        2.388763300456419        3.094786825518118
0                        2.199114857512855        0.2210630667108218       0.8826928817144126       0.9609570322726374       2.1301495774590102       2.4169257813857614       3.0961195767415663
0                        2.356194490192345        0.23737841470032572      0.8515079136912655       0.9733964257706105       2.239651036022343        2.441321569226193        3.0973812357502
0                        2.5132741228718345       0.2522576157890923       0.8242917263023908       0.9826983196447505       2.3483035915438863       2.461658354401318        3.098517742272412
0                        2.670353755551324        0.2650147511096824       0.8018363270841283       0.9894290112162568       2.452795763958925        2.477704473776883        3.0994742511202586
0                        2.827433388230814        0.27489638951140605      0.7849736714746557       0.9939831755668579       2.489285673942222        2.547115217001596        3.100199995057138
0                        2.9845130209103035       0.2811841333678036       0.7744762295136224       0.9966188953636809       2.4962813663938728       2.6190275539367978       3.100653603198826
0                        3.141592653589793        0.2833461007197379       0.7709075525907132       0.9974817897629608       2.498620994422921        2.6475880755559515       3.1008079561263657
0.15707963267948966      0                        0.013622027738031872     0.11085269367489801      1.3462418723675518       1.3541849978351415       1.9795852640048794       3.084387549113153
0.15707963267948966      0.15707963267948966      0.11085501809518801      0.1125861707691941       1.344809468637968        1.3527860226442738       1.9850074625071537       3.08445370865999
0.15707963267948966      0.3141592653589793       0.11430493720725486      0.22087330200567187      1.3308964741299203       1.3589802134893272       2.000662646839462        3.0846523101359744
0.15707963267948966      0.47123889803846897      0.11860276645803619      0.32751181630487874      1.3070756467643883       1.3722696329787785       2.024973837833428        3.0849836565293884
0.15707963267948966      0.6283185307179586       0.12454027444480191      0.4298422861070581       1.2764223262298076       1.3924139550088708       2.0559457162081487       3.085448030061133
0.15707963267948966      0.7853981633974483       0.1320517799043988       0.5260134716756419       1.2409188771621855       1.420541760671067        2.0916244585127775       3.086045343439051
0.15707963267948966      0.9424777960769379       0.14105920678532757      0.6140834138811465       1.2021715983574282       1.4580954874180163       2.13031865152304         3.086774625068795
0.15707963267948966      1.0995574287564276       0.15147386657253345      0.6922450457203669       1.1614569971712558       1.506472606990071        2.1706402092898873       3.0876333187636384
0.15707963267948966      1.2566370614359172       0.16319445253186135      0.7592127155329442       1.1197899763615344       1.5665883446176263       2.211465469183449        3.0886163851620183
0.15707963267948966      1.413716694115407        0.17610216212286717      0.814571946316028        1.0780137599365305       1.6384800265353097       2.2518794791812          3.089715211101233
0.15707963267948966      1.5707963267948966       0.19005314718957184      0.8588073646498515       1.0369233642284499       1.72119522760233         2.2911299708489388       3.0909163695591513
0.15707963267948966      1.7278759594743862       0.20486821413271308      0.8927699730677736       0.9975832618075646       1.8130303067210913       2.3285993386615074       3.092200330063734
0.15707963267948966      1.8849555921538759       0.22031944886243218      0.9151654454568389       0.9634528555241405       1.9119156706048035       2.3637986381429466       3.0935402963547207
0.15707963267948966      2.0420352248333655       0.23611341553541101      0.9085554052373133       0.9540721153393817       2.0156844735773087       2.396394628128295        3.094901433143258
0.15707963267948966      2.199114857512855        0.25187114130909805      0.879086915663596        0.9651873772440301       2.1220714284550874       2.426311212645511        3.096240810148724
0.15707963267948966      2.356194490192345        0.2671069338376742       0.849063264304273        0.9761684662929978       2.228275233781724        2.454069392168108        3.0975083938558186
0.15707963267948966      2.5132741228718345       0.2812122560792821       0.8221865004903859       0.9848148136244792       2.3293166058983505       2.482113166756142        3.0986492909139063
0.15707963267948966      2.670353755551324        0.2934582622208422       0.7997725914896391       0.9911895923146448       2.412298996173785        2.5198390372268427       3.099607086856918
0.15707963267948966      2.827433388230814        0.30303923258996796      0.782836036220406        0.9955403888943425       2.457828913657298        2.5805227419573393       3.1003272677770237
0.15707963267948966      2.9845130209103035       0.309179256577423        0.7722511403463541       0.9980691679681132       2.4755716138676016       2.64216448617203         3.1007590437741657
0.15707963267948966      3.141592653589793        0.31129837211172406      0.7686455612332711       0.9988985473084803       2.4803699883660704       2.6685674177519627       3.100885183672477
0.3141592653589793       0                        0.027356752796424962     0.22036972102613794      1.3306446857863479       1.3619880628296175       1.9953213620044399       3.084585343929572
0.3141592653589793       0.15707963267948966      0.1143049372072218       0.22087330200571445      1.330896474129955        1.358980213489334        2.000662646840204        3.0846523101359695
0.3141592653589793       0.3141592653589793       0.22036022060422536      0.22432279839292102      1.3260609112777426       1.3562950793139275       2.0161057940196634       3.084853343931333
0.3141592653589793       0.47123889803846897      0.22477745965807847      0.3287190165319348       1.307200134139018        1.3648833603416977       2.0401454962726784       3.0851887844183405
0.3141592653589793       0.6283185307179586       0.22835331821099764      0.4308682556530826       1.2785343823290014       1.3833047707255353       2.0708612686758032       3.085658970804504
0.3141592653589793       0.7853981633974483       0.23302379758844077      0.526871032746281        1.2442005617265217       1.4105114532822456       2.10635572357042         3.0862638882237645
0.3141592653589793       0.9424777960769379       0.23884823710163286      0.6146764690463948       1.2063530933099633       1.4474133066058579       2.1449750484081864       3.087002644091311
0.3141592653589793       1.0995574287564276       0.24587191946943898      0.6923790443079552       1.1664601297309936       1.4952601414619473       2.1853591039752738       3.0878727543171745
0.3141592653589793       1.2566370614359172       0.25412304638399025      0.7585842313528625       1.1256649756255046       1.5549003609427874       2.226413097121633        3.0888692251425454
0.3141592653589793       1.413716694115407        0.2636037630182802       0.8127278619708793       1.0849809433075042       1.6262944071419863       2.2672622666310756       3.089983435366176
0.3141592653589793       1.5707963267948966       0.2742797909868816       0.8549867413257445       1.0455486717384712       1.7083718159271557       2.30721829133832         3.091201860367293
0.3141592653589793       1.7278759594743862       0.28606870359044395      0.8853769226625661       1.0093105105763007       1.7992624103597183       2.345770479459236        3.0925047371720544
0.3141592653589793       1.8849555921538759       0.2988259898408744       0.9009971034608347       0.9813638324227479       1.8966649052366062       2.382614614575056        3.0938648470403205
0.3141592653589793       2.0420352248333655       0.3123275972170664       0.894167109991982        0.97150337327394         1.9980569465737699       2.4177482485231465       3.0952466753603156
0.3141592653589793       2.199114857512855        0.3262476855468751       0.8703597028241089       0.9761505309868895       2.1005618411265004       2.451706278573868        3.096606265422704
0.3141592653589793       2.356194490192345        0.34013163445650585      0.8426773029337719       0.983877809590285        2.200305862637488        2.4861086964448775       3.0978920501242797
0.3141592653589793       2.5132741228718345       0.3533686287262641       0.8165005028523692       0.9908272539690591       2.2910671035443664       2.5247071038870645       3.099046699635577
0.3141592653589793       2.670353755551324        0.36517807692985244      0.7940402508560075       0.9962289143921242       2.3634478508140853       2.57352887046993         3.100009226100489
0.3141592653589793       2.827433388230814        0.3746406343813964       0.7767502039027767       1.0000097736791225       2.4103314153563082       2.6337882147628053       3.1007140626368606
0.3141592653589793       2.9845130209103035       0.38081687260005287      0.7658068079100466       1.002235268133132        2.434367074278982        2.6905928237921346       3.101081138530797
0.3141592653589793       3.141592653589793        0.3829701638837985       0.7620539980462357       1.0029691269937135       2.4415964704928004       2.7155112335035807       3.1011193424455463
0.47123889803846897      0                        0.0413121584585119       0.3271215093890399       1.3064101442079674       1.375593550218709        2.0197359538077064       3.0849153327609042
0.47123889803846897      0.15707963267948966      0.11860276645796833      0.3275118163048646       1.3070756467643658       1.3722696329787716       2.0249738378332136       3.0849836565293867
0.47123889803846897      0.3141592653589793       0.2247774596580631       0.32871901653195174      1.3072001341389414       1.3648833603416968       2.040145496272037        3.0851887844183357
0.47123889803846897      0.47123889803846897      0.3269118885488862       0.33429896466096765      1.2997322621231595       1.3624234022355717       2.0638370655684137       3.085531118258944
0.47123889803846897      0.6283185307179586       0.33317002665122164      0.4327229518382874       1.2788962843303038       1.3733804450876208       2.0942256756397386       3.086011096524334
0.47123889803846897      0.7853981633974483       0.3369158751136252       0.5284061347828519       1.2485704684283117       1.3969462903443903       2.1294897669932187       3.086628831164459
0.47123889803846897      0.9424777960769379       0.34158359308259084      0.6157756413284753       1.2131600129976352       1.4318143455961023       2.1680275681689203       3.0873835692549614
0.47123889803846897      1.0995574287564276       0.34727689114077825      0.6927416773247969       1.1751056549794934       1.478334422895748        2.2085179079894086       3.0882729567234803
0.47123889803846897      1.2566370614359172       0.35406943584666545      0.757749518501415        1.135986186247786        1.537004552528067        2.2499048390407186       3.0892920874700436
0.47123889803846897      1.413716694115407        0.36201849699938893      0.810063143257467        1.0971237220714314       1.6075672089567048       2.29136472599248         3.090432340192852
0.47123889803846897      1.5707963267948966       0.3711579966196042       0.8496056174017544       1.0600257937458233       1.688731670822634        2.3322860059435047       3.0916800424170003
0.47123889803846897      1.7278759594743862       0.3814869592106146       0.8760354037148634       1.0270881490339372       1.7783790147212226       2.3722777839001026       3.0930150602499875
0.47123889803846897      1.8849555921538759       0.392954119334294        0.8872252322022562       1.0026926712366817       1.8739259997703963       2.411223373699166        3.0944094907166653
0.47123889803846897      2.0420352248333655       0.4054371244930083       0.8805946013928049       0.9915489630288832       1.9725144796197562       2.4494063833697775       3.095826715035898
0.47123889803846897      2.199114857512855        0.41871338489896825      0.8603880507065026       0.9912881461012322       2.0708691887261255       2.4877545876962697       3.097221114473179
0.47123889803846897      2.356194490192345        0.4324186207568427       0.8348366925891884       0.9953256009670862       2.164820222467538        2.528224406610604        3.0985386654717866
0.47123889803846897      2.5132741228718345       0.4459903586664019       0.8091398753715842       0.9999824680482428       2.2487665952123654       2.5740509039482524       3.099718198379578
0.47123889803846897      2.670353755551324        0.45860315139392754      0.786111411116024        1.003965631572715        2.3162545046196477       2.62853370186614         3.1006915943968947
0.47123889803846897      2.827433388230814        0.4691336135820693       0.7677518979165051       1.0068849738003876       2.3630130482110587       2.6904271001437574       3.1013756606485354
0.47123889803846897      2.9845130209103035       0.4762553392603685       0.7558048366264022       1.008643757752889        2.3893392090782646       2.7474527822596713       3.1016383883436407
0.47123889803846897      3.141592653589793        0.47879166465716794      0.7516409622182698       1.0092295185188163       2.39771259846628         2.772963199331415        3.1015179879926573
0.6283185307179586       0                        0.055586870414576536     0.4295084138417935       1.2754865441260874       1.395909890517214        2.0508053797038834       3.0853777792581214
0.6283185307179586       0.15707963267948966      0.1245402744447632       0.42984228610706504      1.276422326229874        1.392413955008878        2.0559457162086416       3.085448030061127
0.6283185307179586       0.3141592653589793       0.22835331821092514      0.43086825565308645      1.2785343823289272       1.383304770725534        2.070861268675341        3.0856589708045123
0.6283185307179586       0.47123889803846897      0.33317002665119566      0.4327229518382858       1.278896284330312        1.3733804450876215       2.0942256756397897       3.086011096524344
0.6283185307179586       0.6283185307179586       0.4283203916321115       0.44147770467085207      1.2711938795767121       1.371619029295216        2.124311950586473        3.086504993772696
0.6283185307179586       0.7853981633974483       0.43731593135757485      0.5310391581226498       1.2511296428979486       1.3853888204525346       2.159375725445846        3.0871409650256316
0.6283185307179586       0.9424777960769379       0.44152698808880564      0.6176825093678551       1.2218191810024646       1.414733360576531        2.1978702311022094       3.087918469875338
0.6283185307179586       1.0995574287564276       0.4465302284221269       0.6936637518190505       1.1876790625152072       1.4581228836258375       2.2385161283574386       3.0888353572974796
0.6283185307179586       1.2566370614359172       0.4525239463701129       0.7571654115675092       1.1515349126192715       1.5148879766969943       2.280297792155437        3.089886868821599
0.6283185307179586       1.413716694115407        0.4596193392422401       0.8073355274008531       1.1153338504447077       1.5841548621698964       2.3224412640789494       3.0910644114663586
0.6283185307179586       1.5707963267948966       0.46790631008420114      0.8440846858736776       1.080910769661574        1.6642009014648067       2.364404208878994        3.092354137510615
0.6283185307179586       1.7278759594743862       0.477455453455649        0.8673450269186157       1.050599756329563        1.7525441625266065       2.405894569969394        3.093735429383439
0.6283185307179586       1.8849555921538759       0.4883093808526049       0.876345305946824        1.0275393600727947       1.846290126206095        2.4469319187181173       3.0951794690143637
0.6283185307179586       2.0420352248333655       0.500467492463463        0.8707158638331152       1.014244003574308        1.9423216795084264       2.4879677781094367       3.0966481524694247
0.6283185307179586       2.199114857512855        0.5138612673846565       0.8534085788021275       1.0095709775525072       2.037200378903459        2.5300731859796155       3.0980936406387256
0.6283185307179586       2.356194490192345        0.5283117544945856       0.8297588594135958       1.0097034228690243       2.126875564097157        2.5751322005494117       3.0994586920421554
0.6283185307179586       2.5132741228718345       0.5434514992468471       0.8041575878664353       1.0116164409630646       2.2065354091230684       2.6257267485212386       3.100677265611319
0.6283185307179586       2.670353755551324        0.5585766208034265       0.7795547309483375       1.013789798272361        2.2712461308848617       2.683933861246525        3.1016724462170364
0.6283185307179586       2.827433388230814        0.5723840296845303       0.7584135933618468       1.0155738750122791       2.317605955180612        2.748225720952475        3.1023387064019614
0.6283185307179586       2.9845130209103035       0.582660848591997        0.7435454428952393       1.016707706435085        2.3448359008681265       2.8080228456653016       3.102466245749402
0.6283185307179586       3.141592653589793        0.586581269776067        0.7380656243631307       1.0170938218460375       2.3537367264188247       2.8358312021585093       3.102094140753127
0.7853981633974483       0                        0.07026561197278107      0.5257354730232013       1.2397470523132283       1.4241842854031668       2.086554812870476        3.0859725725926674
0.7853981633974483       0.15707963267948966      0.13205177990442438      0.5260134716756493       1.2409188771623116       1.4205417606710709       2.0916244585133708       3.0860453434390527
0.7853981633974483       0.3141592653589793       0.23302379758840808      0.5268710327462738       1.2442005617265819       1.4105114532822436       2.1063557235707155       3.0862638882237663
0.7853981633974483       0.47123889803846897      0.33691587511363535      0.528406134782866        1.248570468428481        1.3969462903443965       2.1294897669938933       3.0866288311644308
0.7853981633974483       0.6283185307179586       0.4373159313575701       0.531039158122645        1.2511296428981098       1.3853888204525322       2.159375725446397        3.087140965025637
0.7853981633974483       0.7853981633974483       0.5213361676746913       0.5446289818942576       1.2462602188389242       1.3845602010770433       2.1943330726623897       3.0878008598448545
0.7853981633974483       0.9424777960769379       0.5337932557869537       0.6217378797157527       1.2297860406831334       1.4018861610927653       2.232862742938746        3.0886082780803785
0.7853981633974483       1.0995574287564276       0.5385542871480468       0.696126768909243        1.203944134132655        1.438125019718008        2.2737228641846867       3.0895613665098947
0.7853981633974483       1.2566370614359172       0.543752561992888        0.7579422812396619       1.173224921400625        1.4909777542205864       2.3159333638907116       3.0906556000766967
0.7853981633974483       1.413716694115407        0.5498416787646765       0.806078647888753        1.1409461674442625       1.5580550862812554       2.358761513250765        3.0918824721162235
0.7853981633974483       1.5707963267948966       0.5570063578757762       0.8407029951926982       1.1094914397128786       1.6366771292386433       2.4017179440072276       3.0932279653071326
0.7853981633974483       1.7278759594743862       0.5653847023825146       0.862424455862838        1.081014698721937        1.7237351983099052       2.4445788294818107       3.094670902713604
0.7853981633974483       1.8849555921538759       0.5750980752051716       0.8716797789833466       1.0577140795642739       1.8159251393419107       2.487444459086388        3.096181364999646
0.7853981633974483       2.0420352248333655       0.5862550212080532       0.8690059405095154       1.041286186735264        1.9098908689509417       2.530840199942673        3.097719446017853
0.7853981633974483       2.199114857512855        0.5989487072309487       0.8561617413837489       1.0317267767997775       2.0021331443564456       2.575847517285082        3.0992346425572994
0.7853981633974483       2.356194490192345        0.6132512974832224       0.8362752675083437       1.0272332916267193       2.0888071498409544       2.624186120139958        3.1006659804199344
0.7853981633974483       2.5132741228718345       0.6292044604614864       0.812509647557251        1.0256335859586079       2.165684784295221        2.6780073503008115       3.1019421113584995
0.7853981633974483       2.670353755551324        0.6467995379316568       0.787165461274874        1.0253843074145952       2.2286286546012897       2.7389523458087717       3.1029772260064408
0.7853981633974483       2.827433388230814        0.665915402079667        0.7617610827174698       1.0256153620982014       2.2745711849664185       2.805961045108764        3.103642959354962
0.7853981633974483       2.9845130209103035       0.6859629815303986       0.7376758018337995       1.0258859235776756       2.3021646511428786       2.870305660393513        3.1036271466880625
0.7853981633974483       3.141592653589793        0.7002551934678687       0.7219969240431295       1.0259952516945585       2.311317859068929        2.9023625315116908       3.102866939892439
0.9424777960769379       0                        0.08541470817759768      0.6138946395288943       1.2007731179121781       1.4618798315626829       2.1252790842426945       3.0866987156242427
0.9424777960769379       0.15707963267948966      0.14105920678526662      0.6140834138811612       1.2021715983575745       1.4580954874180252       2.130318651523617        3.0867746250688874
0.9424777960769379       0.3141592653589793       0.23884823710159456      0.6146764690464056       1.206353093309913        1.4474133066058747       2.144975048408017        3.0870026440912297
0.9424777960769379       0.47123889803846897      0.3415835930825706       0.6157756413284944       1.2131600129977338       1.4318143455961145       2.1680275681692414       3.087383569254999
0.9424777960769379       0.6283185307179586       0.44152698808878615      0.6176825093678616       1.2218191810025023       1.414733360576547        2.1978702311023253       3.0879184698752864
0.9424777960769379       0.7853981633974483       0.5337932557869584       0.6217378797157644       1.2297860406831942       1.4018861610927877       2.232862742938943        3.088608278080395
0.9424777960769379       0.9424777960769379       0.6011265214409199       0.6422733347212438       1.231514086244655        1.4021849831442965       2.271538793497372        3.0894531725818197
0.9424777960769379       1.0995574287564276       0.6161149288391612       0.7041252889981586       1.2216682074741014       1.4240637809134429       2.3126843615409354       3.090451721392697
0.9424777960769379       1.2566370614359172       0.6211771457625294       0.7631308269497762       1.201378676536023        1.4685416765728314       2.355346536447674        3.0915997528005983
0.9424777960769379       1.413716694115407        0.6256251163195492       0.8095940439492298       1.175453907044145        1.5314176219898163       2.398822912051954        3.0928889435700797
0.9424777960769379       1.5707963267948966       0.6304663508282712       0.8434461754397344       1.147756913699545        1.6078975266558893       2.4426600259588          3.0943051559943244
0.9424777960769379       1.7278759594743862       0.6359962773638866       0.8660011180573706       1.1208328188147534       1.6935758370125011       2.4866750321762785       3.095826626672056
0.9424777960769379       1.8849555921538759       0.6423554322549877       0.8786882669497114       1.0965349857723548       1.7844499834977088       2.531007512798478        3.097422207034685
0.9424777960769379       2.0420352248333655       0.6496140773598459       0.882699591850048        1.0762754821040263       1.8768357658013841       2.5762011786714885       3.099049955213732
0.9424777960769379       2.199114857512855        0.6577778163106709       0.879237446907202        1.0608509452648816       1.9671640356524789       2.6232961311305774       3.1006564132923997
0.9424777960769379       2.356194490192345        0.6667624253566004       0.8699518708148191       1.0501654972413663       2.051756578744428        2.6738619122206746       3.1021767018888897
0.9424777960769379       2.5132741228718345       0.676337780232715        0.8570124201501922       1.0433466626033712       2.1267743058430812       2.7298068235451987       3.103534605928061
0.9424777960769379       2.670353755551324        0.68602352370068         0.8427979033141617       1.039262783394693        2.1885283481201405       2.792705184401468        3.104637879388781
0.9424777960769379       2.827433388230814        0.6949178985833067       0.8297017892218765       1.0369606230042967       2.2341068038506084       2.862307818169648        3.1053435432626335
0.9424777960769379       2.9845130209103035       0.7015303032270379       0.8202055122794054       1.0358063783075604       2.261836498482263        2.932482991949714        3.1052346029911133
0.9424777960769379       3.141592653589793        0.7040420929539999       0.8166746775799694       1.0354572303634904       2.271113712809307        2.9717650393157884       3.1038625737899834
1.0995574287564276       0                        0.10107748458470009      0.6922119619248448       1.159823231527775        1.5103974267661238       2.1655799125997808       3.0875536291092405
1.0995574287564276       0.15707963267948966      0.1514738665724723       0.6922450457203677       1.161456997171264        1.5064726069900611       2.1706402092899237       3.0876333187636353
1.0995574287564276       0.3141592653589793       0.24587191946938147      0.6923790443079575       1.1664601297308401       1.495260141461942        2.18535910397481         3.0878727543171727
1.0995574287564276       0.47123889803846897      0.3472768911407653       0.6927416773247841       1.1751056549794399       1.4783344228957402       2.2085179079892536       3.088272956723494
1.0995574287564276       0.6283185307179586       0.4465302284221137       0.6936637518190544       1.18767906251517         1.4581228836258386       2.238516128357355        3.088835357297497
1.0995574287564276       0.7853981633974483       0.5385542871480198       0.6961267689092437       1.2039441341325998       1.4381250197180035       2.2737228641845637       3.0895613665099435
1.0995574287564276       0.9424777960769379       0.6161149288391156       0.7041252889981567       1.2216682074739673       1.424063780913448        2.312684361540596        3.090451721392625
1.0995574287564276       1.0995574287564276       0.6614410542276261       0.7326749483618064       1.2342946031004467       1.4256744858146195       2.3542015590429948       3.091505570396926
1.0995574287564276       1.2566370614359172       0.6742652754182938       0.7803566956479451       1.2335447546051592       1.4532624405932912       2.397338704794499        3.0927192576489864
1.0995574287564276       1.413716694115407        0.6778970389532566       0.8238682027417533       1.2193035538835408       1.507109951718147        2.4414128247434803       3.094084788994629
1.0995574287564276       1.5707963267948966       0.6793420794669867       0.8577897376123848       1.1975661814449323       1.5796034841204083       2.4859916203670713       3.095588009031001
1.0995574287564276       1.7278759594743862       0.6801086378575452       0.8829572227759578       1.1730381904859049       1.6634118295383966       2.530912415671647        3.0972065992851188
1.0995574287564276       1.8849555921538759       0.6806663839561752       0.9011839134325011       1.148326569857212        1.7530530585931074       2.576326536830111        3.0989081224582744
1.0995574287564276       2.0420352248333655       0.6811998557492337       0.914110031520364        1.1249198587800309       1.8442272554859922       2.6227656771250722       3.1006484650282404
1.0995574287564276       2.199114857512855        0.681780843685658        0.9229845420530625       1.1037680674416908       1.9331892892681488       2.671210462025989        3.1023711072052778
1.0995574287564276       2.356194490192345        0.6824199558130183       0.9287260953343381       1.0855201595509318       2.016343890826526        2.723106192229694        3.104007522984041
1.0995574287564276       2.5132741228718345       0.6830867312700505       0.9320573612549379       1.0705946701364113       2.0900983614330717       2.7802170487457323       3.1054782527565474
1.0995574287564276       2.670353755551324        0.6837223520828234       0.9336325947182679       1.0591814143905378       2.1510323826266133       2.844177368243074        3.106690927503118
1.0995574287564276       2.827433388230814        0.6842531569973767       0.9341029834336481       1.05125018196891         2.196318896216401        2.915600903389874        3.107512860957136
1.0995574287564276       2.9845130209103035       0.6846071429466309       0.9340802498816523       1.0466232549150933       2.2240891553495916       2.991725574730493        3.1075172969356806
1.0995574287564276       3.141592653589793        0.6847315966936867       0.9340166940336743       1.045107998428359        2.2334286731097897       3.0435676318596663       3.105115476000801
1.2566370614359172       0                        0.11726928607900207      0.7594405611763834       1.117884090722154        1.5706584039644196       2.20632285935092         3.0885322596375433
1.2566370614359172       0.15707963267948966      0.16319445253181805      0.7592127155329402       1.1197899763615524       1.5665883446176239       2.2114654691835076       3.0886163851620094
1.2566370614359172       0.3141592653589793       0.25412304638398947      0.7585842313528698       1.1256649756254828       1.5549003609427934       2.2264130971215814       3.0888692251425494
1.2566370614359172       0.47123889803846897      0.35406943584665285      0.7577495185014338       1.1359861862478837       1.5370045525280767       2.249904839040978        3.0892920874700525
1.2566370614359172       0.6283185307179586       0.45252394637011284      0.757165411567525        1.1515349126193606       1.5148879766970098       2.280297792155659        3.089886868821601
1.2566370614359172       0.7853981633974483       0.5437525619928452       0.7579422812396348       1.1732249214004606       1.4909777542205684       2.315933363890342        3.0906556000767056
1.2566370614359172       0.9424777960769379       0.621177145762469        0.7631308269497686       1.2013786765359018       1.4685416765728163       2.3553465364473296       3.0915997528005223
1.2566370614359172       1.0995574287564276       0.6742652754183401       0.7803566956479504       1.2335447546052256       1.453262440593296        2.3973387047946244       3.0927192576489415
1.2566370614359172       1.2566370614359172       0.6970792265166854       0.8139597857619724       1.2604252916264174       1.4563122912324336       2.4409811028619437       3.0940111874775416
1.2566370614359172       1.413716694115407        0.7023989476422863       0.8515599804267248       1.2687636950171566       1.4906753602614307       2.4856004483776895       3.095468079595024
1.2566370614359172       1.5707963267948966       0.7012676645624314       0.8842379818996041       1.2585439557813474       1.5541757736734594       2.5307737318621943       3.097075924448621
1.2566370614359172       1.7278759594743862       0.6976077095907546       0.9108805360930992       1.2389123285973045       1.6345534255972118       2.576343090838918        3.0988119434128634
1.2566370614359172       1.8849555921538759       0.6928458134749607       0.9326773851173747       1.2157913913763954       1.7226729665201372       2.6224530443042293       3.100642420802422
1.2566370614359172       2.0420352248333655       0.687656348935785        0.9510420548184451       1.191856371142397        1.8128126902300603       2.6696048520449898       3.102521031422632
1.2566370614359172       2.199114857512855        0.6824515323969824       0.9671351752920206       1.1683304532076715       1.9007817881036528       2.7187095611318646       3.104388272853961
1.2566370614359172       2.356194490192345        0.6775350912124974       0.9818322570894137       1.1458029450104876       1.982941999266764        2.771096761006476        3.106172703018174
1.2566370614359172       2.5132741228718345       0.6731544498271108       0.9957874792671796       1.124552112717022        2.0558347222847253       2.8284051369466514       3.1077946541389827
1.2566370614359172       2.670353755551324        0.6695168305210176       1.0094993051468168       1.1046827066422662       2.1162027057586736       2.8922779519894712       3.1091731686308295
1.2566370614359172       2.827433388230814        0.6667909368122901       1.023357207533049        1.0861934233862736       2.1612695001885607       2.9638551732588807       3.1102394640295743
1.2566370614359172       2.9845130209103035       0.6651029861830496       1.0376567754512918       1.0690285330941107       2.189044367546789        3.0429349334949887       3.111006254868635
1.2566370614359172       3.141592653589793        0.6645314498393966       1.0510486275705113       1.0546677967676428       2.1984166759538635       3.1066697185756245       3.1174145155252173
1.413716694115407        0                        0.1339717134787208       0.8152245317004275       1.0757411274496083       1.6427199864576243       2.246577477110168        3.089625998038889
1.413716694115407        0.15707963267948966      0.17610216212288093      0.8145719463160377       1.078013759936768        1.6384800265353128       2.251879479181739        3.0897152111012347
1.413716694115407        0.3141592653589793       0.26360376301823885      0.812727861970895        1.0849809433075612       1.626294407141992        2.2672622666312163       3.089983435366202
1.413716694115407        0.47123889803846897      0.3620184969994458       0.8100631432575113       1.0971237220718308       1.6075672089567392       2.2913647259933843       3.090432340192847
1.413716694115407        0.6283185307179586       0.45961933924226206      0.8073355274008829       1.1153338504448413       1.5841548621699184       2.3224412640792513       3.0910644114663555
1.413716694115407        0.7853981633974483       0.5498416787646684       0.8060786478887552       1.1409461674442847       1.5580550862812608       2.3587615132508355       3.0918824721162093
1.413716694115407        0.9424777960769379       0.625625116319599        0.8095940439492619       1.175453907044256        1.5314176219898044       2.398822912052104        3.092888943569921
1.413716694115407        1.0995574287564276       0.6778970389534261       0.8238682027417843       1.2193035538837207       1.507109951718172        2.441412824743902        3.0940847889946053
1.413716694115407        1.2566370614359172       0.702398947642506        0.8515599804267359       1.268763695017321        1.490675360261445        2.485600448378056        3.0954680795950247
1.413716694115407        1.413716694115407        0.7080397947440207       0.8844414651642639       1.3102107967643384       1.495136168961966        2.5307143027699923       3.0970321485734504
1.413716694115407        1.5707963267948966       0.7050220326097844       0.9148263151206201       1.3246986569713786       1.5368195897499581       2.5763314866729354       3.098763358569232
1.413716694115407        1.7278759594743862       0.698298894236043        0.9408292785766688       1.3156822034488576       1.6088766641949226       2.6222874707252526       3.1006386242745974
1.413716694115407        1.8849555921538759       0.6900065186588245       0.9630003615445116       1.2969520225781004       1.6942318537530816       2.668706434362837        3.102623015254704
1.413716694115407        2.0420352248333655       0.6812156769311517       0.9823004754702391       1.2752462975326544       1.783182202567236        2.716045265110244        3.104668016978994
1.413716694115407        2.199114857512855        0.672577126133734        0.9995220691723886       1.2531755461957983       1.8703444434633387       2.765133415316448        3.1067113539476945
1.413716694115407        2.356194490192345        0.6645524628238942       1.0151842217055695       1.2319217175196107       1.9517983395853507       2.8171719327668248       3.10867979114816
1.413716694115407        2.5132741228718345       0.657500638408079        1.0295199679440454       1.212202061467331        2.0241016640430187       2.873631603093099        3.110497853986238
1.413716694115407        2.670353755551324        0.6517098440460014       1.0424291720338505       1.194682505291859        2.0840835469524133       2.935979464072216        3.112113402902924
1.413716694115407        2.827433388230814        0.6474069367218124       1.0533456797975014       1.180274100208322        2.1289953472366023       3.0051356919299885       3.1136165137491623
1.413716694115407        2.9845130209103035       0.6447575421477729       1.0610622066162616       1.170389878823778        2.156766559396355        3.0790114394986614       3.1169375158818844
1.413716694115407        3.141592653589793        0.6438630206488974       1.063928474328079        1.1667895947058315       2.1661582764836527       3.108580401999284        3.1545273778453238
1.5707963267948966       0                        0.15112555090991397      0.8601856651087468       1.0340434449034661       1.7256690093406128       2.285566039163607        3.0908214512845897
1.5707963267948966       0.15707963267948966      0.1900531471896113       0.858807364649869        1.0369233642286775       1.7211952276023372       2.2911299708493833       3.0909163695591495
1.5707963267948966       0.3141592653589793       0.2742797909868755       0.8549867413257538       1.0455486717385087       1.7083718159271652       2.3072182913383887       3.0912018603672706
1.5707963267948966       0.47123889803846897      0.37115799661964444      0.8496056174018081       1.060025793746086        1.6887316708226592       2.332286005944057        3.0916800424170208
1.5707963267948966       0.6283185307179586       0.46790631008416267      0.8440846858736537       1.080910769661491        1.6642009014647998       2.364404208878836        3.0923541375106156
1.5707963267948966       0.7853981633974483       0.5570063578757571       0.8407029951926862       1.1094914397128528       1.6366771292386424       2.4017179440071375       3.0932279653071264
1.5707963267948966       0.9424777960769379       0.6304663508282439       0.8434461754397251       1.1477569136994943       1.6078975266559032       2.4426600259586837       3.0943051559939114
1.5707963267948966       1.0995574287564276       0.6793420794670819       0.8577897376124058       1.1975661814450105       1.5796034841204236       2.4859916203672614       3.0955880090310206
1.5707963267948966       1.2566370614359172       0.7012676645625059       0.8842379818996101       1.2585439557813862       1.5541757736734723       2.530773731862318        3.097075924448624
1.5707963267948966       1.413716694115407        0.7050220326097341       0.9148263151206236       1.3246986569713581       1.5368195897499601       2.576331486672876        3.098763358569222
1.5707963267948966       1.5707963267948966       0.6999078130105758       0.9431222559525175       1.3781400535073072       1.5424140357060134       2.6222355681319227       3.1006373282982165
1.5707963267948966       1.7278759594743862       0.6908433725121856       0.9675120554898291       1.3951576473047305       1.5910155489090998       2.668306212612291        3.1026746318968925
1.5707963267948966       1.8849555921538759       0.6801469008442653       0.9883983758343424       1.3859142066403924       1.669136651630745        2.714636770814296        3.104839194466657
1.5707963267948966       2.0420352248333655       0.6690365247177747       1.0065048129497196       1.3683885084311471       1.7559431627788957       2.761627665012668        3.1070803095573574
1.5707963267948966       2.199114857512855        0.6582611634360106       1.022384183424516        1.3492248033325909       1.8422103852194796       2.8100117744609014       3.1093331108609847
1.5707963267948966       2.356194490192345        0.6483477329344278       1.0363371226866738       1.330763148204289        1.9230978349628338       2.860834574312442        3.1115237859612934
1.5707963267948966       2.5132741228718345       0.6397001894806521       1.0484230374911372       1.3141339794494373       1.9949852576795644       2.9153238978268288       3.1135861682270614
1.5707963267948966       2.670353755551324        0.6326386554934553       1.0584826766032895       1.3001184796457874       2.054706806945569        2.9745282606492967       3.115518603637889
1.5707963267948966       2.827433388230814        0.6274127171994252       1.0661741003290728       1.2894094846789335       2.099517342668923        3.038278446421551        3.1177043924596175
1.5707963267948966       2.9845130209103035       0.6242034640523397       1.0710547697900474       1.2826495637658846       2.1272888026779717       3.0974706015361217       3.1260267583934684
1.5707963267948966       3.141592653589793        0.6231213239858555       1.0727344229810416       1.2803327592188125       2.1366946768415493       3.1109145612422826       3.1545273778453207
1.7278759594743862       0                        0.16862175771942192      0.8956603547345824       0.9933576852455553       1.817863453445567        2.3226267116971777       3.092099168036279
1.7278759594743862       0.15707963267948966      0.20486821413277423      0.8927699730677952       0.9975832618078304       1.813030306721096        2.3285993386619936       3.0922003300637346
1.7278759594743862       0.3141592653589793       0.2860687035904338       0.8853769226625672       1.0093105105762836       1.799262410359715        2.3457704794591914       3.092504737172052
1.7278759594743862       0.47123889803846897      0.3814869592106687       0.8760354037149922       1.0270881490342563       1.7783790147212608       2.372277783900797        3.0930150602499915
1.7278759594743862       0.6283185307179586       0.47745545345568335      0.8673450269186783       1.0505997563296738       1.752544162526631        2.405894569969672        3.0937354293834467
1.7278759594743862       0.7853981633974483       0.5653847023825384       0.8624244558628676       1.0810146987219833       1.7237351983099205       2.444578829481924        3.0946709027135895
1.7278759594743862       0.9424777960769379       0.6359962773638684       0.8660011180573616       1.1208328188147423       1.6935758370125034       2.48667503217628         3.0958266266719154
1.7278759594743862       1.0995574287564276       0.6801086378578255       0.8829572227760103       1.1730381904860596       1.663411829538448        2.530912415672103        3.0972065992851143
1.7278759594743862       1.2566370614359172       0.6976077095911465       0.9108805360931189       1.2389123285974553       1.6345534255972662       2.5763430908393894       3.0988119434128465
1.7278759594743862       1.413716694115407        0.6982988942360419       0.9408292785766685       1.3156822034488502       1.6088766641949288       2.6222874707252473       3.100638624274601
1.7278759594743862       1.5707963267948966       0.6908433725123532       0.9675120554898248       1.3951576473047669       1.5910155489091078       2.668306212612411        3.1026746318969143
1.7278759594743862       1.7278759594743862       0.679747366313236        0.9900972781408476       1.4570395047626152       1.5972161625468213       2.714198436885352        3.1048968294264445
1.7278759594743862       1.8849555921538759       0.6672114697168314       1.0092148422029827       1.4740822671320863       1.6512791752363247       2.760018986708913        3.1072679839679767
1.7278759594743862       2.0420352248333655       0.6544351781241704       1.0255788353819966       1.4645755115686523       1.7320993860433123       2.8061022940916462       3.109735005144462
1.7278759594743862       2.199114857512855        0.6421752735040288       1.0396756249673513       1.4489598016687717       1.8167519093345466       2.853070892225815        3.1122302904626094
1.7278759594743862       2.356194490192345        0.6309726762570239       1.0517590169245705       1.4330600598556065       1.8970076238030356       2.9017871248286453       3.1146801448778723
1.7278759594743862       2.5132741228718345       0.6212459615062659       1.0619002354243359       1.4187488632849117       1.9685564692275481       2.953166018999412        3.1170319646687497
1.7278759594743862       2.670353755551324        0.6133288082079494       1.070039141799535        1.4068989895319122       2.028096672907967        3.007650579327394        3.1193547057363977
1.7278759594743862       2.827433388230814        0.607482473366986        1.0760349224813985       1.3980521856093981       2.0728464104278723       3.063486817598816        3.1224517097811915
1.7278759594743862       2.9845130209103035       0.6038971139134184       1.0797217532372787       1.3925854621134348       2.1006260963511223       3.1060902928280547       3.1347878645055287
1.7278759594743862       3.141592653589793        0.6026889413853225       1.0809674882885476       1.390735799402563        2.1100447987079773       3.1137505549621465       3.1545273778453193
1.8849555921538759       0                        0.18628988629201884      0.9232751534057076       0.9542124758710759       1.9173287818502898       2.3571897360826948       3.0934324948154597
1.8849555921538759       0.15707963267948966      0.22031944886242172      0.9151654454568589       0.9634528555242218       1.9119156706048082       2.363798638143105        3.0935402963547283
1.8849555921538759       0.3141592653589793       0.298825989840833        0.9009971034607704       0.9813638324226313       1.8966649052365967       2.3826146145747775       3.0938648470403187
1.8849555921538759       0.47123889803846897      0.39295411933428676      0.8872252322022999       1.0026926712367294       1.873925999770401        2.411223373699316        3.094409490716675
1.8849555921538759       0.6283185307179586       0.4883093808525753       0.8763453059467492       1.0275393600727303       1.846290126206076        2.446931918717942        3.095179469014369
1.8849555921538759       0.7853981633974483       0.5750980752050994       0.8716797789832605       1.0577140795641937       1.8159251393418856       2.487444459086159        3.096181364999623
1.8849555921538759       0.9424777960769379       0.6423554322548491       0.878688266949634        1.0965349857722622       1.7844499834976877       2.5310075127981944       3.0974222070346213
1.8849555921538759       1.0995574287564276       0.6806663839560247       0.9011839134324693       1.1483265698571514       1.7530530585930821       2.5763265368299293       3.0989081224582993
1.8849555921538759       1.2566370614359172       0.6928458134750345       0.9326773851173775       1.2157913913764118       1.722672966520153        2.622453044304295        3.1006424208024237
1.8849555921538759       1.413716694115407        0.6900065186583012       0.9630003615445071       1.2969520225779894       1.6942318537530339       2.668706434362417        3.102623015254697
1.8849555921538759       1.5707963267948966       0.6801469008441868       0.9883983758343482       1.3859142066403756       1.6691366516307427       2.7146367708142547       3.1048391944666647
1.8849555921538759       1.7278759594743862       0.6672114697164059       1.0092148422029887       1.4740822671320164       1.6512791752363194       2.760018986708674        3.1072679839679807
1.8849555921538759       1.8849555921538759       0.6531517804163287       1.026524940889436        1.5410348604767357       1.6574218671563483       2.8048655315536632       3.1098707482861467
1.8849555921538759       2.0420352248333655       0.639067133542066        1.0411496449550908       1.5567855728237612       1.7147320519099802       2.849440895110748        3.112591370805133
1.8849555921538759       2.199114857512855        0.6256754300155207       1.0535827815969856       1.5474716455166377       1.794645248661173        2.894252029562436        3.115358578926827
1.8849555921538759       2.356194490192345        0.6135049733140543       1.064080172920494        1.534170542579655        1.8737369482490538       2.9399669028047968       3.1180980399648344
1.8849555921538759       2.5132741228718345       0.6029737072795837       1.072742029071345        1.5215941871285303       1.9448877676323448       2.987162080647449        3.120771620766704
1.8849555921538759       2.670353755551324        0.5944201668007948       1.0795721807488678       1.5111188885250706       2.0042743150792304       3.035641462034503        3.1235271229045054
1.8849555921538759       2.827433388230814        0.5881124306889921       1.0845222745108998       1.5033336528953432       2.0489876366035387       3.08223281698492         3.1276059161345953
1.8849555921538759       2.9845130209103035       0.5842471571410173       1.0875275720319126       1.4985518835959162       2.076782997096411        3.111931165037002        3.140986099453069
1.8849555921538759       3.141592653589793        0.5829451328205572       1.0885359248829434       1.496940159612761        2.086214808529619        3.1171738835686473       3.1545273778453224
2.0420352248333655       0                        0.20388351321993417      0.9171365745534383       0.944597850245417        2.0220641855750254       2.388763300455847        3.094786825518137
2.0420352248333655       0.15707963267948966      0.23611341553537818      0.9085554052372893       0.9540721153393785       2.015684473577315        2.396394628128256        3.094901433143258
2.0420352248333655       0.3141592653589793       0.31232759721700043      0.8941671099916545       0.9715033732738381       1.9980569465737381       2.417748248522549        3.095246675360312
2.0420352248333655       0.47123889803846897      0.4054371244930173       0.8805946013929167       0.9915489630289275       1.9725144796197709       2.4494063833699715       3.0958267150359142
2.0420352248333655       0.6283185307179586       0.5004674924634597       0.8707158638331344       1.0142440035743179       1.9423216795084264       2.4879677781094673       3.096648152469417
2.0420352248333655       0.7853981633974483       0.5862550212079521       0.8690059405093519       1.0412861867351895       1.909890868950895        2.5308401999423724       3.0977194460178428
2.0420352248333655       0.9424777960769379       0.649614077359747        0.8826995918499955       1.0762754821039897       1.8768357658013601       2.576201178671324        3.099049955213798
2.0420352248333655       1.0995574287564276       0.6811998557491737       0.9141100315203584       1.1249198587800142       1.844227255485982        2.6227656771250247       3.1006484650282418
2.0420352248333655       1.2566370614359172       0.68765634893572         0.9510420548184483       1.191856371142385        1.812812690230057        2.6696048520449303       3.1025210314226297
2.0420352248333655       1.413716694115407        0.6812156769307307       0.9823004754702339       1.2752462975325896       1.783182202567187        2.716045265109941        3.104668016979012
2.0420352248333655       1.5707963267948966       0.669036524717544        1.006504812949721        1.3683885084311196       1.755943162778878        2.7616276650125413       3.107080309557367
2.0420352248333655       1.7278759594743862       0.6544351781237937       1.0255788353819961       1.4645755115686123       1.7320993860432967       2.8061022940914695       3.1097350051444583
2.0420352248333655       1.8849555921538759       0.6390671335419715       1.0411496449550972       1.5567855728237465       1.714732051909977        2.849440895110669        3.1125913708052426
2.0420352248333655       2.0420352248333655       0.6238993960005702       1.054169866147044        1.625878970759988        1.7201575614149698       2.891844407657638        3.1155887951920813
2.0420352248333655       2.199114857512855        0.6095908874753755       1.0651484825726727       1.6396868486454819       1.7781768218258496       2.9337166500766334       3.1186500108870914
2.0420352248333655       2.356194490192345        0.5966451666762599       1.0743410127990949       1.6310027705684202       1.853707486396746        2.975552297860871        3.1216967733853718
2.0420352248333655       2.5132741228718345       0.5854723830570099       1.0818597653928874       1.6201244257798209       1.924083107524791        3.0176341796835824       3.124700341529477
2.0420352248333655       2.670353755551324        0.5764118171385886       1.0877368511836136       1.6106527883566168       1.983264263331018        3.05927367702743         3.1278731419987924
2.0420352248333655       2.827433388230814        0.5697361240105885       1.0919630025759364       1.6035463020555          2.027943570123037        3.096565844230084        3.132733591234954
2.0420352248333655       2.9845130209103035       0.5656473295908769       1.094513625360469        1.5991756274640745       2.0557583801367163       3.117358813084021        3.1451132273681703
2.0420352248333655       3.141592653589793        0.5642702967236556       1.0953666915573732       1.5977029122217397       2.065203864818797        3.1212656600659163       3.154527377845325
2.199114857512855        0                        0.22106306671081877      0.8826928817144271       0.9609570322726367       2.1301495774590102       2.41692578138577         3.0961195767415663
2.199114857512855        0.15707963267948966      0.25187114130911953      0.8790869156639656       0.9651873772440405       2.12207142845509         2.426311212645986        3.0962408101487244
2.199114857512855        0.3141592653589793       0.3262476855468379       0.8703597028239385       0.9761505309868691       2.1005618411264826       2.4517062785736634       3.096606265422706
2.199114857512855        0.47123889803846897      0.418713384899019        0.8603880507068529       0.9912881461012816       2.070869188726177        2.487754587696709        3.097221114473185
2.199114857512855        0.6283185307179586       0.5138612673846887       0.8534085788022561       1.0095709775525257       2.0372003789034903       2.5300731859797887       3.0980936406387234
2.199114857512855        0.7853981633974483       0.5989487072308294       0.8561617413835506       1.0317267767997302       2.00213314435639         2.575847517284762        3.099234642557318
2.199114857512855        0.9424777960769379       0.6577778163106727       0.8792374469072057       1.0608509452648798       1.9671640356524824       2.6232961311305716       3.1006564132923526
2.199114857512855        1.0995574287564276       0.6817808436859234       0.9229845420530969       1.1037680674417374       1.9331892892682065       2.6712104620262194       3.102371107205282
2.199114857512855        1.2566370614359172       0.6824515323969527       0.9671351752920112       1.1683304532076682       1.9007817881036517       2.718709561131862        3.1043882728539427
2.199114857512855        1.413716694115407        0.6725771261335852       0.9995220691723912       1.2531755461957792       1.8703444434633252       2.765133415316362        3.106711353947686
2.199114857512855        1.5707963267948966       0.6582611634360136       1.0223841834245189       1.349224803332596        1.8422103852194809       2.8100117744608974       3.1093331108609648
2.199114857512855        1.7278759594743862       0.6421752735039166       1.0396756249673529       1.4489598016687666       1.8167519093345346       2.8530708922257304       3.1122302904626356
2.199114857512855        1.8849555921538759       0.6256754300157051       1.0535827815969845       1.5474716455166275       1.7946452486612312       2.894252029562868        3.11535857892674
2.199114857512855        2.0420352248333655       0.6095908874755306       1.06514848257267         1.6396868486454947       1.7781768218258527       2.9337166500766645       3.11865001088706
2.199114857512855        2.199114857512855        0.5945164774874725       1.0748702540901658       1.708347224492783        1.7823199432519303       2.971806441838501        3.1220168556467995
2.199114857512855        2.356194490192345        0.5809271841782179       1.0829848996149376       1.7198289679894319       1.8384799316200393       3.008908203649091        3.125370266625202
2.199114857512855        2.5132741228718345       0.5692227837700691       1.0895980904042697       1.7120925927769501       1.9063759279741923       3.0451296070532723       3.128678571380846
2.199114857512855        2.670353755551324        0.5597417004102523       1.094747621857547        1.7036225820835253       1.9651078992461661       3.079562038643996        3.1321801564246154
2.199114857512855        2.827433388230814        0.5527602569203347       1.098437571275173        1.697021939555439        2.0097174470745562       3.1083728268086253       3.13740353834668
2.199114857512855        2.9845130209103035       0.5484853906339041       1.1006585675981655       1.6929228365735742       2.037548544459644        3.1230922215859156       3.1478994812141363
2.199114857512855        3.141592653589793        0.5470458487664035       1.1014003009118118       1.691538055095863        2.0470077334144903       3.12607750964988         3.1545273778453238
2.356194490192345        0                        0.23737841470030577      0.8515079136913101       0.9733964257706167       2.239651036022346        2.4413215692262473       3.0973812357501935
2.356194490192345        0.15707963267948966      0.2671069338377014       0.8490632643048833       0.976168466293007        2.2282752337817544       2.4540693921687917       3.0975083938558208
2.356194490192345        0.3141592653589793       0.3401316344565044       0.8426773029339254       0.9838778095902887       2.200305862637509        2.4861086964450516       3.097892050124263
2.356194490192345        0.47123889803846897      0.43241862075691045      0.8348366925897068       0.9953256009671253       2.1648202224676485       2.528224406611125        3.09853866547179
2.356194490192345        0.6283185307179586       0.5283117544946462       0.8297588594139038       1.0097034228690471       2.1268755640972485       2.575132200549726        3.099458692042147
2.356194490192345        0.7853981633974483       0.6132512974832721       0.8362752675084448       1.0272332916267337       2.0888071498409824       2.624186120140045        3.100665980419977
2.356194490192345        0.9424777960769379       0.6667624253567905       0.8699518708149118       1.0501654972413896       2.0517565787444894       2.6738619122208784       3.1021767018888684
2.356194490192345        1.0995574287564276       0.682419955813444        0.9287260953343898       1.085520159550983        2.0163438908266142       2.7231061922299977       3.1040075229840323
2.356194490192345        1.2566370614359172       0.6775350912127784       0.9818322570894185       1.145802945010514        1.9829419992668094       2.771096761006652        3.106172703018166
2.356194490192345        1.413716694115407        0.6645524628241649       1.0151842217055715       1.2319217175196333       1.9517983395853866       2.817171932766936        3.1086797911481536
2.356194490192345        1.5707963267948966       0.6483477329347049       1.0363371226866742       1.3307631482043003       1.9230978349628691       2.8608345743125523       3.111523785961273
2.356194490192345        1.7278759594743862       0.6309726762574146       1.0517590169245667       1.4330600598556116       1.8970076238030713       2.90178712482888         3.114680144877519
2.356194490192345        1.8849555921538759       0.613504973314888        1.0640801729204956       1.5341705425796874       1.8737369482491155       2.9399669028050655       3.118098039964817
2.356194490192345        2.0420352248333655       0.5966451666770088       1.074341012799093        1.6310027705684464       1.8537074863967857       2.9755522978610527       3.121696773385341
2.356194490192345        2.199114857512855        0.5809271841788102       1.0829848996149334       1.7198289679894607       1.8384799316200549       3.008908203649209        3.1253702666252114
2.356194490192345        2.356194490192345        0.5667982727739079       1.0902084953146636       1.7856543878651814       1.8409143920317306       3.0404308426557027       3.1290082856460946
2.356194490192345        2.5132741228718345       0.554647816608344        1.0960959973951687       1.7945172512235192       1.8927071447306623       3.070225635954454        3.1325580784126834
2.356194490192345        2.670353755551324        0.5448131189093769       1.1006773757530122       1.787979144164006        1.9499102623745945       3.097463913473978        3.136232923886031
2.356194490192345        2.827433388230814        0.5375739012266387       1.1039569925069328       1.781893588970113        1.9943182470135081       3.1189565004161492       3.1413561845528974
2.356194490192345        2.9845130209103035       0.5331418193989708       1.1059292423659062       1.778000188157742        2.02214928829016         3.1293427717523876       3.14981951424058
2.356194490192345        3.141592653589793        0.5316493983288509       1.1065875592398517       1.776675297158843        2.031621054724132        3.1315845001145246       3.1545273778453193
2.5132741228718345       0                        0.25225761578905836      0.8242917263021884       0.9826983196447484       2.348303591543892        2.461658354401098        3.098517742272419
2.5132741228718345       0.15707963267948966      0.28121225607927747      0.8221865004907544       0.9848148136244939       2.329316605898403        2.4821131667565073       3.0986492909138876
2.5132741228718345       0.3141592653589793       0.35336862872623975      0.8165005028521527       0.9908272539690575       2.291067103544313        2.524707103886888        3.0990466996355615
2.5132741228718345       0.47123889803846897      0.44599035866642706      0.8091398753719466       0.9999824680482606       2.248766595212478        2.5740509039485486       3.0997181983795694
2.5132741228718345       0.6283185307179586       0.5434514992468659       0.804157587866616        1.0116164409630721       2.2065354091231244       2.6257267485213966       3.1006772656113024
2.5132741228718345       0.7853981633974483       0.6292044604614981       0.8125096475572727       1.0256335859586045       2.1656847842952915       2.6780073503009167       3.1019421113586323
2.5132741228718345       0.9424777960769379       0.676337780232706        0.8570124201501849       1.0433466626033732       2.1267743058430812       2.7298068235451955       3.1035346059280267
2.5132741228718345       1.0995574287564276       0.6830867312704146       0.9320573612549694       1.07059467013644         2.090098361433161        2.780217048745947        3.105478252756548
2.5132741228718345       1.2566370614359172       0.6731544498270262       0.9957874792671754       1.124552112717013        2.0558347222847146       2.8284051369466225       3.107794654138937
2.5132741228718345       1.413716694115407        0.6575006384078909       1.029519967944041        1.2122020614673252       2.02410166404299         2.8736316030929947       3.110497853986205
2.5132741228718345       1.5707963267948966       0.6397001894808307       1.048423037491139        1.3141339794494353       1.994985257679586        2.9153238978269895       3.113586168227031
2.5132741228718345       1.7278759594743862       0.6212459615062963       1.0619002354243305       1.4187488632849135       1.9685564692275237       2.953166018999416        3.1170319646686613
2.5132741228718345       1.8849555921538759       0.6029737072798378       1.072742029071349        1.5215941871285321       1.9448877676323726       2.987162080647493        3.1207716207666873
2.5132741228718345       2.0420352248333655       0.5854723830574359       1.0818597653928885       1.6201244257798322       1.924083107524808        3.0176341796836605       3.1247003415294494
2.5132741228718345       2.199114857512855        0.5692227837697995       1.0895980904042695       1.7120925927769368       1.9063759279741879       3.045129607053253        3.1286785713808123
2.5132741228718345       2.356194490192345        0.5546478166078037       1.0960959973951803       1.7945172512235033       1.8927071447306574       3.070225635954408        3.1325580784126803
2.5132741228718345       2.5132741228718345       0.5421277937998208       1.1014067362650248       1.8550688994013564       1.8931981216822606       3.093211299947359        3.136244843146706
2.5132741228718345       2.670353755551324        0.5319992345652723       1.1055451760523711       1.861107640832523        1.9381331902426617       3.1135625921384253       3.1398834127725803
2.5132741228718345       2.827433388230814        0.5245451686896709       1.108509515005217        1.8560247121223747       1.9817764345259443       3.1289292344159416       3.1445201120405333
2.5132741228718345       2.9845130209103035       0.5199817516309587       1.1102925097439456       1.8523367058272189       2.009557487947336        3.1360256570980476       3.1511545422326996
2.5132741228718345       3.141592653589793        0.5184451013435849       1.110887674528999        1.8510570832899695       2.0190386838149266       3.137609785451841        3.1545273778453202
2.670353755551324        0                        0.26501475110967815      0.8018363270837727       0.9894290112162629       2.45279576395894         2.477704473776504        3.0994742511202693
2.670353755551324        0.15707963267948966      0.293458262220829        0.7997725914896848       0.9911895923146481       2.4122989961738046       2.5198390372268724       3.0996070868569157
2.670353755551324        0.3141592653589793       0.36517807692982196      0.794040250855815        0.9962289143921107       2.3634478508140164       2.5735288704698265       3.100009226100473
2.670353755551324        0.47123889803846897      0.4586031513939337       0.7861114111160838       1.0039656315727106       2.316254504619677        2.6285337018661794       3.1006915943968933
2.670353755551324        0.6283185307179586       0.5585766208034374       0.7795547309484374       1.013789798272364        2.271246130884895        2.6839338612465853       3.1016724462170204
2.670353755551324        0.7853981633974483       0.6467995379315277       0.7871654612746409       1.0253843074145896       2.2286286546011684       2.7389523458085794       3.1029772260064403
2.670353755551324        0.9424777960769379       0.6860235237005446       0.8427979033141177       1.0392627833946835       2.1885283481201006       2.792705184401373        3.1046378793887617
2.670353755551324        1.0995574287564276       0.6837223520829077       0.9336325947182731       1.0591814143905467       2.151032382626634        2.8441773682431064       3.1066909275030956
2.670353755551324        1.2566370614359172       0.6695168305207809       1.0094993051468186       1.1046827066422604       2.1162027057586297       2.892277951989378        3.1091731686307797
2.670353755551324        1.413716694115407        0.6517098440451438       1.042429172033853        1.1946825052918302       2.0840835469522787       2.935979464071928        3.112113402902906
2.670353755551324        1.5707963267948966       0.6326386554930369       1.0584826766032922       1.3001184796457783       2.0547068069454784       2.974528260649235        3.1155186036378453
2.670353755551324        1.7278759594743862       0.613328808207392        1.0700391417995294       1.4068989895319015       2.0280966729079086       3.007650579327301        3.1193547057363733
2.670353755551324        1.8849555921538759       0.5944201668008215       1.079572180748858        1.5111188885250735       2.004274315079238        3.0356414620345187       3.123527122904452
2.670353755551324        2.0420352248333655       0.5764118171387516       1.0877368511836143       1.6106527883566109       1.983264263331027        3.059273677027474        3.1278731419987245
2.670353755551324        2.199114857512855        0.5597417004099893       1.094747621857551        1.7036225820835178       1.965107899246162        3.0795620386440077       3.132180156424537
2.670353755551324        2.356194490192345        0.544813118908648        1.100677375753013        1.787979144163995        1.949910262374574        3.097463913473971        3.136232923885961
2.670353755551324        2.5132741228718345       0.5319992345647951       1.1055451760523576       1.8611076408325131       1.938133190242658        3.1135625921384635       3.139883412772496
2.670353755551324        2.670353755551324        0.5216362561552639       1.1093483843176406       1.9137206133567684       1.936737547191385        3.127691498804179        3.1431883939402265
2.670353755551324        2.827433388230814        0.5140103038010867       1.1120766542963374       1.9169593395616378       1.9722454698320262       3.138202753228995        3.146961656819438
2.670353755551324        2.9845130209103035       0.5093415860854196       1.1137189441066544       1.9136456302488205       1.9997735330633397       3.142740272349788        3.1520716044637287
2.670353755551324        3.141592653589793        0.5077694332887553       1.114267323683415        1.9124069997142426       2.009256371920627        3.1437305397227884       3.1545273778453193
2.827433388230814        0                        0.2748963895113748       0.7849736714744231       0.9939831755668658       2.4892856739419855       2.5471152170015947       3.1001999950571286
2.827433388230814        0.15707963267948966      0.3030392325899559       0.7828360362207476       0.9955403888943445       2.4578289136575235       2.580522741957434        3.1003272677770024
2.827433388230814        0.3141592653589793       0.3746406343813852       0.7767502039026346       1.0000097736791298       2.4103314153562274       2.633788214762735        3.100714062636824
2.827433388230814        0.47123889803846897      0.4691336135820588       0.7677518979170211       1.0068849738003973       2.363013048211305        2.6904271001439803       3.101375660648503
2.827433388230814        0.6283185307179586       0.5723840296845413       0.7584135933620019       1.0155738750122836       2.3176059551806842       2.7482257209525605       3.1023387064019348
2.827433388230814        0.7853981633974483       0.6659154020796981       0.7617610827175272       1.0256153620982078       2.2745711849664545       2.805961045108813        3.10364295935492
2.827433388230814        0.9424777960769379       0.6949178985834503       0.8297017892218778       1.0369606230042998       2.234106803850667        2.8623078181697137       3.1053435432625824
2.827433388230814        1.0995574287564276       0.6842531569978538       0.9341029834336504       1.0512501819689166       2.196318896216531        2.915600903390072        3.107512860957106
2.827433388230814        1.2566370614359172       0.6667909368125146       1.0233572075330473       1.0861934233862762       2.1612695001886255       2.9638551732589344       3.1102394640295166
2.827433388230814        1.413716694115407        0.6474069367215535       1.0533456797975123       1.1802741002083073       2.1289953472365513       3.005135691929959        3.113616513749096
2.827433388230814        1.5707963267948966       0.627412717199492        1.0661741003290577       1.2894094846789188       2.0995173426690705       3.0382784464209838       3.1177043924589354
2.827433388230814        1.7278759594743862       0.6074824733667932       1.0760349224814003       1.398052185609394        2.0728464104278634       3.0634868175988403       3.1224517097810525
2.827433388230814        1.8849555921538759       0.5881124306893322       1.0845222745108998       1.5033336528953363       2.048987636603571        3.082232816985016        3.1276059161344465
2.827433388230814        2.0420352248333655       0.569736124011133        1.0919630025759375       1.6035463020554979       2.027943570123074        3.0965658442301423       3.1327335912348544
2.827433388230814        2.199114857512855        0.552760256920348        1.0984375712751795       1.697021939555431        2.0097174470745607       3.108372826808752        3.137403538346519
2.827433388230814        2.356194490192345        0.5375739012262422       1.1039569925069281       1.7818935889701155       1.9943182470134997       3.1189565004161834       3.141356184552852
2.827433388230814        2.5132741228718345       0.5245451686897928       1.1085095150052238       1.8560247121223687       1.9817764345259505       3.1289292344161326       3.144520112040424
2.827433388230814        2.670353755551324        0.5140103038014691       1.1120766542963385       1.9169593395616353       1.9722454698320295       3.138202753229218        3.146961656819407
2.827433388230814        2.827433388230814        0.5062580010748067       1.1146399606186232       1.9586245870350534       1.9694687380717757       3.1457530958791144       3.1490881578952856
2.827433388230814        2.9845130209103035       0.5015117375311396       1.1161844198251647       1.9595845002385008       1.992815214095927        3.148728348000448        3.152671552140671
2.827433388230814        3.141592653589793        0.49991341475327633      1.1167003511206959       1.9584052145848982       2.0022709958577187       3.1492165331121558       3.154527377845324
2.9845130209103035       0                        0.281184133367783        0.774476229513104        0.9966188953636773       2.4962813663933736       2.619027553936799        3.100653603198816
2.9845130209103035       0.15707963267948966      0.3091792565773767       0.7722511403463809       0.9980691679681312       2.475571613867616        2.6421644861720304       3.100759043774146
2.9845130209103035       0.3141592653589793       0.38081687260002883      0.7658068079096666       1.0022352681331232       2.4343670742787378       2.690592823792021        3.101081138530762
2.9845130209103035       0.47123889803846897      0.47625533926036595      0.7558048366263281       1.0086437577528924       2.3893392090782286       2.747452782259649        3.101638388343601
2.9845130209103035       0.6283185307179586       0.5826608485919678       0.7435454428950105       1.0167077064350936       2.344835900868024        2.8080228456651994       3.102466245749318
2.9845130209103035       0.7853981633974483       0.6859629815302972       0.7376758018335475       1.0258859235776658       2.3021646511427583       2.8703056603933796       3.1036271466878955
2.9845130209103035       0.9424777960769379       0.701530303226599        0.8202055122793805       1.0358063783075537       2.2618364984821087       2.9324829919495348       3.1052346029909987
2.9845130209103035       1.0995574287564276       0.6846071429467329       0.9340802498816444       1.0466232549150922       2.224089155349636        2.9917255747305287       3.1075172969356153
2.9845130209103035       1.2566370614359172       0.6651029861830384       1.0376567754512918       1.069028533094111        2.189044367546796        3.042934933495004        3.111006254868486
2.9845130209103035       1.413716694115407        0.6447575421474464       1.0610622066162552       1.1703898788237699       2.156766559396307        3.0790114394986925       3.1169375158815
2.9845130209103035       1.5707963267948966       0.6242034640522712       1.0710547697900512       1.282649563765885        2.1272888026779526       3.097470601536337        3.1260267583930057
2.9845130209103035       1.7278759594743862       0.6038971139125976       1.0797217532372805       1.3925854621134297       2.1006260963510397       3.1060902928283727       3.134787864505208
2.9845130209103035       1.8849555921538759       0.5842471571407074       1.0875275720319075       1.4985518835959077       2.0767829970963887       3.1119311650373134       3.1409860994528938
2.9845130209103035       2.0420352248333655       0.5656473295910192       1.0945136253604633       1.5991756274640785       2.05575838013673         3.1173588130843526       3.1451132273680313
2.9845130209103035       2.199114857512855        0.5484853906335565       1.1006585675981604       1.692922836573571        2.037548544459632        3.1230922215862087       3.1478994812140324
2.9845130209103035       2.356194490192345        0.5331418193979305       1.1059292423659048       1.7780001881577288       2.022149288290134        3.1293427717526745       3.149819514240495
2.9845130209103035       2.5132741228718345       0.5199817516300224       1.1102925097439484       1.852336705827213        2.0095574879473235       3.1360256570983664       3.151154542232654
2.9845130209103035       2.670353755551324        0.5093415860855343       1.1137189441066575       1.913645630248816        1.9997735330633382       3.1427402723501756       3.152071604463752
2.9845130209103035       2.827433388230814        0.5015117375301709       1.1161844198251698       1.959584500238495        1.992815214095928        3.14872834800101         3.152671552140881
2.9845130209103035       2.9845130209103035       0.49671781865461734      1.1176710495760172       1.9869738346857577       1.9897917957034557       3.152880918717828        3.1530994382558104
2.9845130209103035       3.141592653589793        0.49510340220753246      1.1181678308070775       1.9869824592752339       1.9980805138941848       3.15310846732037         3.1545273778453207
3.141592653589793        0                        0.283346100719757        0.7709075525907587       0.9974817897629397       2.4986209944229336       2.6475880755559467       3.100807956126373
3.141592653589793        0.15707963267948966      0.3112983721116756       0.7686455612340282       0.9988985473085027       2.48036998836671         2.668567417752062        3.1008851836724367
3.141592653589793        0.3141592653589793       0.38297016388379224      0.7620539980461501       1.0029691269937184       2.44159647049276         2.7155112335035656       3.1011193424454353
3.141592653589793        0.47123889803846897      0.4787916646571413       0.7516409622190123       1.009229518518817        2.3977125984666805       2.7729631993316572       3.1015179879925237
3.141592653589793        0.6283185307179586       0.5865812697760604       0.7380656243634924       1.0170938218460444       2.3537367264190006       2.83583120215866         3.102094140752926
3.141592653589793        0.7853981633974483       0.700255193467851        0.7219969240434534       1.0259952516945618       2.311317859069063        2.902362531511836        3.1028669398920963
3.141592653589793        0.9424777960769379       0.704042092954187        0.8166746775799567       1.0354572303634921       2.271113712809379        2.971765039315863        3.103862573789592
3.141592653589793        1.0995574287564276       0.6847315966944965       0.9340166940336612       1.0451079984283729       2.2334286731100135       3.0435676318600495       3.1051154760007793
3.141592653589793        1.2566370614359172       0.6645314498399643       1.05104862757051         1.0546677967676488       2.198416675953996        3.1066697185768786       3.117414515518772
3.141592653589793        1.413716694115407        0.6438630206491716       1.0639284743280872       1.1667895947058338       2.166158276483709        3.108580401999945        3.154527377845319
3.141592653589793        1.5707963267948966       0.6231213239861806       1.0727344229810438       1.2803327592188074       2.1366946768416675       3.110914561242627        3.1545273778453304
3.141592653589793        1.7278759594743862       0.602688941385256        1.0809674882885498       1.3907357994025584       2.110044798707982        3.1137505549625493       3.1545273778453224
3.141592653589793        1.8849555921538759       0.5829451328208917       1.088535924882945        1.4969401596127667       2.0862148085296472       3.1171738835689884       3.1545273778453224
3.141592653589793        2.0420352248333655       0.5642702967244415       1.0953666915573754       1.5977029122217332       2.065203864818854        3.1212656600662503       3.1545273778453238
3.141592653589793        2.199114857512855        0.5470458487670786       1.1014003009118154       1.6915380550958632       2.0470077334145262       3.1260775096502025       3.154527377845324
3.141592653589793        2.356194490192345        0.531649398328919        1.1065875592398475       1.7766752971588333       2.0316210547241362       3.131584500114666        3.1545273778453238
3.141592653589793        2.5132741228718345       0.5184451013438617       1.1108876745289957       1.851057083289966        2.019038683814941        3.137609785452047        3.1545273778453202
3.141592653589793        2.670353755551324        0.5077694332899414       1.1142673236834135       1.9124069997142354       2.009256371920645        3.1437305397231237       3.1545273778453202
3.141592653589793        2.827433388230814        0.49991341475392315      1.1167003511206988       1.958405214584891        2.0022709958577303       3.1492165331125306       3.1545273778453207
3.141592653589793        2.9845130209103035       0.4951034022087677       1.1181678308070728       1.986982459275238        1.9980805138941937       3.153108467321136        3.1545273778453238
3.141592653589793        3.141592653589793        0.49348354882467715      1.1186582755353223       1.9966838044731474       1.9966838044741175       3.1545273778453238       3.9048963917604644
