0                        0                        0                        1.8950219807319101E-6    1.3513162051706435       1.3513162051715564       1.9739212218928592       3.083519113496503
0                        0.15707963267948966      0.013622027606546778     0.11085240426041727      1.3459213227579117       1.3538524036973663       1.979365409460653        3.0835746725043167
0                        0.3141592653589793       0.027356748557029627     0.2203674961942867       1.330342660618512        1.361638976707014        1.995076540555876        3.0837414370870833
0                        0.47123889803846897      0.041312143409434225     0.32711450179712037      1.3061344493910463       1.3752149994840561       2.0194545571187286       3.0840196154120183
0                        0.6283185307179586       0.05558683339058723      0.4294934324544811       1.275240806220209        1.395485800185336        2.0504807156588334       3.084409369297942
0                        0.7853981633974483       0.07026553666360404      0.52571011986469         1.239531786557649        1.4236941125077671       2.086184323640397        3.084910524812937
0                        0.9424777960769379       0.08541457181859852      0.6138583856181604       1.2005869747857751       1.4612974473600182       2.124863366104129        3.085522145869668
0                        1.0995574287564276       0.1010772565383616       0.6921666081916472       1.159663925585074        1.5096907803482171       2.1651220127489643       3.086241955395261
0                        1.2566370614359172       0.11726892608650848      0.7593896464336974       1.1177489697443692       1.5697904061948167       2.205827860402396        3.0870655941992853
0                        1.413716694115407        0.13397116985113525      0.815171932063138        1.0756274855675316       1.6416503938724425       2.24605222484145         3.087985723291256
0                        1.5707963267948966       0.15112475897939315      0.860134309507329        1.0339486816693382       1.7243564373876301       2.285018864986058        3.0889910051262612
0                        1.7278759594743862       0.1686206388769268       0.8956117668427099       0.9932793783991583       1.8162669086017662       2.322067038279298        3.0900650461136365
0                        1.8849555921538759       0.18628834829393306      0.9232297191353066       0.9541484066039425       1.91540899162015         2.3566274997601          3.0911854460315022
0                        2.0420352248333655       0.20388145316743128      0.9170847257658946       0.9445553130518912       2.0197855454698774       2.388208175744484        3.0923231712733097
0                        2.199114857512855        0.22106037821658162      0.8826514190128302       0.9609168850721203       2.127483641215534        2.4163862532476377       3.093442527940288
0                        2.356194490192345        0.23737500163238456      0.8514751530433412       0.9733581287517619       2.2365827455117824       2.4408039627134044       3.094502025448598
0                        2.5132741228718345       0.2522534146461863       0.8242660894608163       0.9826613909824384       2.3448422910876165       2.4611659847358145       3.0954563536324353
0                        2.670353755551324        0.26500976174275076      0.8018162868347588       0.9893930492549898       2.4489941501118224       2.4772371030035027       3.0962595207111905
0                        2.827433388230814        0.2748907077817447       0.7849576940558716       0.9939478507914266       2.4888394359789587       2.5430956185691675       3.09686892560312
0                        2.9845130209103035       0.2811779696028263       0.7744627307597451       0.9965839316053652       2.495849246224899        2.6149755995935746       3.0972498282715386
0                        3.141592653589793        0.2833397631929228       0.7708948888411083       0.9974469428376206       2.4981938336093408       2.6435847186183787       3.0973794433950235
0.15707963267948966      0                        0.013622026400992552     0.11085240440059668      1.3459213227391118       1.3538524037151465       1.9793654094588928       3.083574672503763
0.15707963267948966      0.15707963267948966      0.11085472874196069      0.11258586726189168      1.3444879525865463       1.3524558770665978       1.9847786057514314       3.08363045691595
0.15707963267948966      0.3141592653589793       0.11430461930038047      0.22087106054990754      1.3305908673598803       1.3586363621396766       2.0004085948222654       3.0837979010455383
0.15707963267948966      0.47123889803846897      0.11860241023188259      0.327504780055723        1.3067960885412708       1.371896959402557        2.0246827519036175       3.084077222829526
0.15707963267948966      0.6283185307179586       0.12453986016610404      0.42982726486324196      1.2761727072895865       1.391996362764584        2.0556106143673425       3.084468599489399
0.15707963267948966      0.7853981633974483       0.13205128319309553      0.5259880784229923       1.2406998241431482       1.4200588722937915       2.0912424457318797       3.0849718766442136
0.15707963267948966      0.9424777960769379       0.1410585969287132       0.6140471473567221       1.2019818257860357       1.4575214249365245       2.1298899282908503       3.0855861394827433
0.15707963267948966      1.0995574287564276       0.15147310468463626      0.6921997513884564       1.1612942540983526       1.5057756765689418       2.1701673275984126       3.086309130266079
0.15707963267948966      1.2566370614359172       0.16319348956184346      0.759161981055217        1.1196516241579226       1.5657319960191534       2.210952841810273        3.087136501880441
0.15707963267948966      1.413716694115407        0.176100936790861        0.8145196820623865       1.0778970916630248       1.6374248730208463       2.2513329780576754       3.0880609128014673
0.15707963267948966      1.5707963267948966       0.19005158416840048      0.8587565062571959       1.0368257730725159       1.7199012870517365       2.2905564156626324       3.0890709986231464
0.15707963267948966      1.7278759594743862       0.2048662228180301       0.8927219707858057       0.9975023781182331       1.8114589651518498       2.3280056449745703       3.09015030230828
0.15707963267948966      1.8849555921538759       0.220316923641691        0.9151195407764692       0.9633875789120184       1.9100319597748323       2.3631902558300566       3.091276308741705
0.15707963267948966      2.0420352248333655       0.23611023876327958      0.9085071529131884       0.9540245958021233       2.013461362051623        2.395772385671736        3.0924198000028813
0.15707963267948966      2.199114857512855        0.2518671910969108       0.8790457127109235       0.9651458612625252       2.1194999849119758       2.4256636858220113       3.093544804435446
0.15707963267948966      2.356194490192345        0.2671020994159165       0.8490302720034452       0.9761295578541683       2.225393860218034        2.4533489221717337       3.0946094180333446
0.15707963267948966      2.5132741228718345       0.2812064636343901       0.8221606027175589       0.984777556976673        2.3263202583464406       2.481136889323757        3.0955676769095475
0.15707963267948966      2.670353755551324        0.2934515117131056       0.7997523876747638       0.9911534390092688       2.4098959386486327       2.517950968164061        3.09637236322775
0.15707963267948966      2.827433388230814        0.30303163857988336      0.7828200194710971       0.9955049449147179       2.4565497132384846       2.577312467820997        3.0969778616093566
0.15707963267948966      2.9845130209103035       0.30917107348560063      0.7722377001515917       0.9980341211211872       2.474745931989274        2.6384868502852648       3.0973408618508844
0.15707963267948966      3.141592653589793        0.3112899762290001       0.7686329929909756       0.9988636283271293       2.479639749571515        2.6648539454206617       3.0974441962646493
0.3141592653589793       0                        0.02735674802335107      0.2203674962609386       1.33034266060049         1.361638976723044        1.9950765405551012       3.083741437087086
0.3141592653589793       0.15707963267948966      0.11430461915674885      0.2208710606269696       1.3305908673443556       1.3586363621546442       2.000408594822426        3.08379790104571
0.3141592653589793       0.3141592653589793       0.2203579974621395       0.22432043965950915      1.3257531976725847       1.355956124315726        2.015825787209166        3.08396739403133
0.3141592653589793       0.47123889803846897      0.22477508720100497      0.3287118904369475       1.3069107228589811       1.3645244782633343       2.039827009902268        3.084250163901863
0.3141592653589793       0.6283185307179586       0.2283508204410373       0.4308531102165031       1.278273355957643        1.3829043550865014       2.070496496935268        3.0846464351136875
0.3141592653589793       0.7853981633974483       0.2330211290317006       0.5268455126019249       1.2439699412099492       1.4100484887256626       2.105940834049615        3.085156113385841
0.3141592653589793       0.9424777960769379       0.23884534372434715      0.6146401543342175       1.2061520690301513       1.4468622840036085       2.144509155117607        3.085778349642366
0.3141592653589793       1.0995574287564276       0.24586873661664735      0.6923339090803962       1.166286659525057        1.494590196264543        2.1848434148133964       3.0865109464829876
0.3141592653589793       1.2566370614359172       0.2541194962802375       0.7585339952151315       1.1255165177388793       1.5540763015820225       2.225850232220946        3.087349595771457
0.3141592653589793       1.413716694115407        0.26359975207460035      0.8126765009716265       1.0848548414087713       1.6252790355643125       2.2666555420154477       3.08828695148922
0.3141592653589793       1.5707963267948966       0.2742752071651625       0.854937123783436        1.0454423926969951       1.7071286761964906       2.3065706685568546       3.0893115720494504
0.3141592653589793       1.7278759594743862       0.28606341429179744      0.8853301338974828       1.0092219892163505       1.7977586420862037       2.3450827369917113       3.0904068137933125
0.3141592653589793       1.8849555921538759       0.2988198411753887       0.90095163194656         0.9812926465780856       1.8948752750558757       2.3818819173615657       3.0915498212263914
0.3141592653589793       2.0420352248333655       0.31232041637776875      0.8941211345538826       0.9714489907870002       1.9959717448646057       2.4169532729832195       3.092710829376692
0.3141592653589793       2.199114857512855        0.3262392892389651       0.8703183743508789       0.9761054106689836       2.0982041452241753       2.450804381324062        3.0938530434906943
0.3141592653589793       2.356194490192345        0.34012184809204865      0.8426432538432429       0.9838370682971473       2.197769609565001        2.484995049349358        3.0949333405045367
0.3141592653589793       2.5132741228718345       0.353357323045194        0.8164735548907831       0.9907889841522576       2.288584036742934        2.5231602122034187       3.0959038438685145
0.3141592653589793       2.670353755551324        0.3651652273421297       0.7940193620846668       0.9961921704268917       2.3613759238333203       2.5712422407752795       3.096713769936202
0.3141592653589793       2.827433388230814        0.37462639764858374      0.7767339594280533       0.9999739678767481       2.4088168846564844       2.6307404861399113       3.09730866391318
0.3141592653589793       2.9845130209103035       0.38080164817767614      0.7657935076442155       1.0021999752397859       2.433207931165346        2.6871891025535315       3.0976188979851886
0.3141592653589793       3.141592653589793        0.3829545783733815       0.7620417106453816       1.0029339975413647       2.440545349615933        2.712078932287118        3.097640525883486
0.47123889803846897      0                        0.04131214303274735      0.3271145018500234       1.3061344493728313       1.375214999501563        2.0194545571185727       3.084019615411619
0.47123889803846897      0.15707963267948966      0.11860241009431136      0.32750478010649997      1.3067960885209058       1.371896959417323        2.0246827519032804       3.0840772228284554
0.47123889803846897      0.3141592653589793       0.2247750871265347       0.32871189048581545      1.3069107228453523       1.3645244782736006       2.0398270099016584       3.0842501639010176
0.47123889803846897      0.47123889803846897      0.32690491907448765      0.3342913949210673       1.299438878836466        1.3620689359137828       2.0634775247643415       3.0845387383879053
0.47123889803846897      0.6283185307179586       0.3331625746727429       0.43270757088199147      1.278619145004867        1.3729996683262513       2.0938160209987644       3.084943252915789
0.47123889803846897      0.7853981633974483       0.3369081320861705       0.5283803714842855       1.2483204468102636       1.3965103987124676       2.1290247992297147       3.085463718280739
0.47123889803846897      0.9424777960769379       0.3415754765818466       0.6157392007127966       1.212939155459726        1.431296117211001        2.167504857613882        3.0860994013475533
0.47123889803846897      1.0995574287564276       0.347268300195032        0.6926967287025835       1.1749129133133247       1.4777033723012543       2.207936794352024        3.086848213156151
0.47123889803846897      1.2566370614359172       0.35406024977689976      0.7576999527788816       1.1358194512160313       1.5362269690896504       2.249265513381465        3.087705919802153
0.47123889803846897      1.413716694115407        0.36200857149904414      0.8100129383127791       1.0969806085952405       1.6066085500693337       2.290667156497574        3.088665178258644
0.47123889803846897      1.5707963267948966       0.37114715904651824      0.8495573366930333       1.0599041053023097       1.6875597230950499       2.331528336906666        3.089714429817078
0.47123889803846897      1.7278759594743862       0.3814750035080779       0.8759894026825341       1.0269864525244747       1.776967414015481        2.371453654390839        3.0908367323659216
0.47123889803846897      1.8849555921538759       0.39294080123042163      0.8871795082522663       1.0026109160537282       1.8722592988520483       2.410317235249255        3.092008677716133
0.47123889803846897      2.0420352248333655       0.40542215858191805      0.8805480963877025       0.9914857740475217       1.9705972397073597       2.448385222548048        3.0931996091675353
0.47123889803846897      2.199114857512855        0.4186964472926535       0.8603445401553923       0.9912373366807976       2.0687423750992604       2.486553767243001        3.094371394898243
0.47123889803846897      2.356194490192345        0.4323993652831859       0.8347995179603855       0.9952816151159869       2.162586080864397        2.5267278607263908       3.095478953084462
0.47123889803846897      2.5132741228718345       0.445968462804047        0.8091099823996286       0.9999423493551002       2.246604690700788        2.572085777184848        3.09647138865924
0.47123889803846897      2.670353755551324        0.45857841903322205      0.7860884342678608       1.00392782167712         2.3143654482708182       2.6259484774387296       3.0972923787094184
0.47123889803846897      2.827433388230814        0.4691061604862813       0.7677347047862814       1.0068485413883348       2.361472583183537        2.6872774494027936       3.09787354319258
0.47123889803846897      2.9845130209103035       0.47622582396406016      0.7557915827025863       1.0086080638781434       2.3880525590711357       2.7440704213721903       3.098099696153048
0.47123889803846897      3.141592653589793        0.4787613649828121       0.7516291232919935       1.0091940578036545       2.3965133335970603       2.769612416464081        3.0979747509912836
0.6283185307179586       0                        0.05558683312986574      0.42949343249877303      1.2752408061997083       1.3954858002023203       2.0504807156596643       3.0844093692973447
0.6283185307179586       0.15707963267948966      0.12453986004652623      0.4298272649036394       1.2761727072712745       1.3919963627790897       2.0556106143676027       3.084468599488826
0.6283185307179586       0.3141592653589793       0.2283508203682467       0.430853110261317        1.2782733559406942       1.3829043551018043       2.070496496935601        3.084646435112669
0.6283185307179586       0.47123889803846897      0.33316257462630694      0.4327075709262664       1.2786191449949367       1.372999668335455        2.0938160210004773       3.084943252916398
0.6283185307179586       0.6283185307179586       0.42830572859564364      0.4414610650454257       1.27090820568867         1.3712410351212376       2.1238467736107993       3.085359481881303
0.6283185307179586       0.7853981633974483       0.43730007662061227      0.5310128962992459       1.2508554818978814       1.38497682062183         2.1588482044587303       3.085895290322168
0.6283185307179586       0.9424777960769379       0.44151059627368605      0.6176457272688315       1.2215691834283513       1.414250730393916        2.1972761751477337       3.0865501210374156
0.6283185307179586       1.0995574287564276       0.4465131939772924       0.6936188218511391       1.1874565368774546       1.4575361795924309       2.237852810782881        3.0873220536762145
0.6283185307179586       1.2566370614359172       0.4525061166718662       0.7571163586162732       1.151339427351612        1.514163771503023        2.279562802247045        3.088206978065461
0.6283185307179586       1.413716694115407        0.45960052551708414      0.8072861501327873       1.11516388344861         1.5832607643887984       2.3216311259400864       3.089197577825965
0.6283185307179586       1.5707963267948966       0.4678862823168025       0.8440369140325749       1.0807648656181204       1.6631084940385676       2.3635123784046645       3.090282154980322
0.6283185307179586       1.7278759594743862       0.4774339309067939       0.8672982541901861       1.0504772916679108       1.7512325742589558       2.4049082760384515       3.0914433766279563
0.6283185307179586       1.8849555921538759       0.48828601882475486      0.8762970335651674       1.027440583535758        1.8447510823585445       2.44582712250494         3.0926570922492904
0.6283185307179586       2.0420352248333655       0.500441864552301        0.8706650125988794       1.0141674300620727       1.9405677206208336       2.486701434844631        3.0938914399666184
0.6283185307179586       2.199114857512855        0.5138328422834509       0.853358277486867        1.0095110483820586       2.0352771387555264       2.5285728718355656       3.095106491680341
0.6283185307179586       2.356194490192345        0.5282798686206897       0.8297132513669607       1.0096539085603178       2.124874598386111        2.573288031878163        3.096254584061512
0.6283185307179586       2.5132741228718345       0.5434153370814965       0.804119203742511        1.0115731280579445       2.204591491993003        2.623404734653594        3.0972809770869203
0.6283185307179586       2.670353755551324        0.5585352566092725       0.7795247141806151       1.0137501978444412       2.2694916222652246       2.6810451663610575       3.098122543915294
0.6283185307179586       2.827433388230814        0.5723367192050368       0.7583921186361207       1.0155364650870795       2.3160939394393485       2.7448538524286152       3.0986935952898977
0.6283185307179586       2.9845130209103035       0.5826080012672497       0.7435311650375387       1.0166714582515295       2.343512055194818        2.804510997529569        3.098813198444467
0.6283185307179586       3.141592653589793        0.5865259644910008       0.7380543722242238       1.0170579382203637       2.3524814164493777       2.8324422469664152       3.098457758325706
0.7853981633974483       0                        0.070265536438965        0.5257101199032937       1.239531786534526        1.4236941125232772       2.0861843236405955       3.084910524811448
0.7853981633974483       0.15707963267948966      0.13205128308056066      0.5259880784594739       1.2406998241233615       1.4200588723075405       2.091242445732901        3.08497187664341
0.7853981633974483       0.3141592653589793       0.2330211289665972       0.5268455126397078       1.2439699411928449       1.4100484887387856       2.1059408340504295       3.085156113384862
0.7853981633974483       0.47123889803846897      0.33690813203749637      0.5283803715200457       1.2483204467944247       1.3965103987231442       2.129024799230603        3.0854637182800246
0.7853981633974483       0.6283185307179586       0.4373000765768291       0.5310128963350464       1.250855481887849        1.3849768206283588       2.1588482044582338       3.085895290321453
0.7853981633974483       0.7853981633974483       0.5213123933917645       0.5445997483358889       1.2459697181238751       1.3841487230333345       2.193734427224628        3.0864512184710327
0.7853981633974483       0.9424777960769379       0.5337672793120717       0.621699891877993        1.229500542212418        1.4014309627115953       2.2321869797550624       3.0871311954505476
0.7853981633974483       1.0995574287564276       0.5385275396190168       0.6960810915070319       1.2036796177011426       1.4375811917474628       2.272965220364631        3.087933547046391
0.7853981633974483       1.2566370614359172       0.5437250568221698       0.7578928171295003       1.172987046832385        1.4903075261413063       2.315088949561461        3.088854356860208
0.7853981633974483       1.413716694115407        0.5498132940600907       0.8060287160208321       1.1407359297414719       1.5572262892343025       2.3578236945437765       3.0898863821951044
0.7853981633974483       1.5707963267948966       0.5569769179648795       0.8406535745628964       1.1093086941450763       1.635663945819634        2.40067608995616         3.091017789433169
0.7853981633974483       1.7278759594743862       0.5653539875564447       0.8623738466960517       1.080859633517501        1.7225207123392574       2.4434149652735506       3.092230790794805
0.7853981633974483       1.8849555921538759       0.5750658183760896       0.8716246862621445       1.0575872887545743       1.814505543136722        2.486128351693813        3.0935003366377827
0.7853981633974483       2.0420352248333655       0.5862208983198014       0.8689442167539221       1.0411868038513374       1.9082820747918054       2.5293227030152785       3.094793091804305
0.7853981633974483       2.199114857512855        0.5989123200992986       0.856094982303774        1.031650356194267        2.0003792912500624       2.5740534446116996       3.0960669532021305
0.7853981633974483       2.356194490192345        0.6132121419317618       0.8362075807501056       1.027173241139758        2.086986636047272        2.6220123245202087       3.0972712292924087
0.7853981633974483       2.5132741228718345       0.6291618590328574       0.8124448016169011       1.0255841072075944       2.1639026293574264       2.675340391708405        3.0983469462688253
0.7853981633974483       2.670353755551324        0.646752468715648        0.7871060499769457       1.0253413650416703       2.2269828618530934       2.735726492610729        3.099224106958867
0.7853981633974483       2.827433388230814        0.665861936436134        0.7617094138297116       1.025576302326176        2.2731044955508035       2.8022675095573044       3.099799834472365
0.7853981633974483       2.9845130209103035       0.6858975397232406       0.7376371400189982       1.0258489185674833       2.3008427412691943       2.866535303647626        3.099811267795712
0.7853981633974483       3.141592653589793        0.700162030586676        0.7219863602960118       1.0259588897673606       2.310050377837137        2.898862956296787        3.0991055452806324
0.9424777960769379       0                        0.0854145716514006       0.6138583856517974       1.2005869747650368       1.4612974473719513       2.124863366105047        3.085522145867817
0.9424777960769379       0.15707963267948966      0.14105859682629704      0.614047147393168        1.201981825765626        1.4575214249502655       2.129889928292353        3.085586139481941
0.9424777960769379       0.3141592653589793       0.23884534366183588      0.6146401543701195       1.2061520690103085       1.4468622840162328       2.144509155120247        3.0857783496410462
0.9424777960769379       0.47123889803846897      0.34157547653316894      0.6157392007463727       1.2129391554412883       1.4312961172217533       2.167504857615275        3.0860994013462233
0.9424777960769379       0.6283185307179586       0.44151059623291145      0.6176457273022702       1.2215691834129507       1.4142507304033738       2.1972761751473677       3.086550121035514
0.9424777960769379       0.7853981633974483       0.5337672792791033       0.6216998919098891       1.2295005422045646       1.4014309627171828       2.23218697975562         3.0871311954496354
0.9424777960769379       0.9424777960769379       0.6010956839045101       0.6422295851142374       1.2312006728886449       1.4017275482366776       2.270773602604926        3.0878426596569213
0.9424777960769379       1.0995574287564276       0.6160818469745437       0.7040759231476766       1.2213523629621088       1.4235505679094342       2.3118231090919084       3.088683186012306
0.9424777960769379       1.2566370614359172       0.6211434323383815       0.7630781641704449       1.201082213222888        1.4679201285544758       2.354382121627224        3.0896491491496776
0.9424777960769379       1.413716694115407        0.6255912877394286       0.8095403001181559       1.1751856522747648       1.5306499405603404       2.3977459658696          3.0907334580837307
0.9424777960769379       1.5707963267948966       0.6304326209267065       0.8433911619283833       1.1475193825536814       1.6069581408063813       2.441456501900539        3.091924181326297
0.9424777960769379       1.7278759594743862       0.6359628083329075       0.8659420877539881       1.1206269007097402       1.6924501713576066       2.485322803154515        3.0932030493287597
0.9424777960769379       1.8849555921538759       0.6423224130980073       0.878620919108223        1.0963614329491254       1.7831367057506347       2.529471689025506        3.094543999441112
0.9424777960769379       2.0420352248333655       0.649581776894036        0.8826196836062268       1.0761345292888163       1.8753516287499388       2.574428333387397        3.095912014204329
0.9424777960769379       2.199114857512855        0.6577466423016647       0.8791427789339897       1.0607408007890158       1.9655496853313277       2.6212090815274083       3.0972625431329854
0.9424777960769379       2.356194490192345        0.666733000385086        0.8698432710806498       1.0500814413273931       2.050079169423866        2.671360136338554        3.0985416597385074
0.9424777960769379       2.5132741228718345       0.6763110267764252       0.8568924905067491       1.0432822159881927       2.1251192480297187       2.72678313050495         3.099686394446397
0.9424777960769379       2.670353755551324        0.6860006906191691       0.8426689583523498       1.0392116896140438       2.1869738890635952       2.7890937037262047       3.100621688816622
0.9424777960769379       2.827433388230814        0.6949002694283999       0.8295650778527665       1.0369178547903912       2.2326898040814034       2.8581841609134075       3.101234326598494
0.9424777960769379       2.9845130209103035       0.7015180157185112       0.8200623697345195       1.035768104485338        2.2605341960830643       2.928284973914094        3.1011853615360048
0.9424777960769379       3.141592653589793        0.7040322810865353       0.8165287701946115       1.035420371984432        2.2698554430370104       2.9681035612908953       3.0999399907663974
1.0995574287564276       0                        0.10107725639276627      0.6921666082258611       1.1596639255618737       1.5096907803590054       2.1651220127511626       3.0862419553931213
1.0995574287564276       0.15707963267948966      0.15147310458918953      0.6921997514229555       1.1612942540790758       1.5057756765796826       2.1701673276016282       3.0863091302646275
1.0995574287564276       0.3141592653589793       0.24586873655402836      0.6923339091140667       1.1662866595041574       1.4945901962749015       2.184843414815596        3.0865109464810554
1.0995574287564276       0.47123889803846897      0.34726830015232807      0.6926967287378379       1.174912913296456        1.4777033723126636       2.2079367943542567       3.086848213154997
1.0995574287564276       0.6283185307179586       0.4465131939413534       0.6936188218840317       1.1874565368620658       1.457536179601292        2.237852810784984        3.087322053675347
1.0995574287564276       0.7853981633974483       0.5385275395839034       0.6960810915415686       1.203679617687708        1.4375811917555845       2.2729652203665403       3.0879335470458433
1.0995574287564276       0.9424777960769379       0.6160818469468186       0.7040759231763818       1.2213523629546215       1.4235505679146006       2.311823109092687        3.08868318601198
1.0995574287564276       1.0995574287564276       0.6614090758673808       0.7326175345099349       1.2339357958167874       1.4251559032665002       2.353228446189387        3.0895701185087803
1.0995574287564276       1.2566370614359172       0.6742336137069422       0.7802960399308851       1.233177368138701        1.4526741844956002       2.3962447568833443       3.0905911414202323
1.0995574287564276       1.413716694115407        0.6778661585321063       0.8238063081538819       1.2189572503741095       1.5063947963860744       2.4401863852563523       3.0917394321281098
1.0995574287564276       1.5707963267948966       0.6793127104854195       0.8577256205458699       1.197251450761156        1.5787295074484167       2.484615825596267        3.093003041224923
1.0995574287564276       1.7278759594743862       0.6800812435352054       0.8828879773049202       1.1727570917595702       1.6623644839816671       2.5293617578970062       3.0943632357436797
1.0995574287564276       1.8849555921538759       0.6806412804437871       0.9011055882222283       1.1480791966969948       1.7518319928361614       2.574562332638491        3.0957928769908367
1.0995574287564276       2.0420352248333655       0.6811772633578517       0.9140182555425528       1.1247062411385949       1.8428487827815478       2.6207307671686535       3.0972551250218054
1.0995574287564276       2.199114857512855        0.6817608936205588       0.9228749625549608       1.1035884958979822       1.93169024779644         2.668824746040712        3.098702835280575
1.0995574287564276       2.356194490192345        0.6824026735267311       0.9285949730061275       1.0853747763443782       2.014782543881441        2.72026714786479         3.100078935581122
1.0995574287564276       2.5132741228718345       0.6830720072507328       0.9319025261709835       1.0704825251622971       2.0885466968747197       2.7768129681563587       3.101317520889603
1.0995574287564276       2.670353755551324        0.6837099103907451       0.9334545456711054       1.0590993316604325       2.1495560762541053       2.8401242838145175       3.1023429959677906
1.0995574287564276       2.827433388230814        0.6842425355898238       0.9339054812505542       1.0511921150867067       2.194950969445009        2.9109252722574284       3.103050641320854
1.0995574287564276       2.9845130209103035       0.6845977018828808       0.9338699167723368       1.046580614269423        2.2228142195330762       2.986826572321045        3.1031100097274993
1.0995574287564276       3.141592653589793        0.6847225652137999       0.9338018999713814       1.0450706588203362       2.232190002630729        3.039702234272734        3.100989842932316
1.2566370614359172       0                        0.11726892595178776      0.7593896464672218       1.1177489697197291       1.5697904062036845       2.2058278604051327       3.087065594196591
1.2566370614359172       0.15707963267948966      0.1631934894718161       0.7591619810891496       1.1196516241356458       1.5657319960281237       2.2109528418136413       3.087136501877799
1.2566370614359172       0.3141592653589793       0.25411949622196356      0.758533995250644        1.1255165177178177       1.554076301591418        2.2258502322245035       3.087349595769309
1.2566370614359172       0.47123889803846897      0.354060249733995        0.7576999528129765       1.135819451195971        1.5362269690986181       2.2492655133848554       3.0877059198003005
1.2566370614359172       0.6283185307179586       0.4525061166333416       0.7571163586501761       1.1513394273325934       1.5141637715113976       2.2795628022495245       3.0882069780637726
1.2566370614359172       0.7853981633974483       0.5437250567873051       0.7578928171632056       1.1729870468169934       1.490307526149595        2.3150889495631968       3.0888543568586155
1.2566370614359172       0.9424777960769379       0.6211434323068223       0.7630781641991287       1.2010822132107961       1.467920128560452        2.354382121628167        3.089649149147804
1.2566370614359172       1.0995574287564276       0.6742336136861522       0.7802960399476591       1.2331773681311737       1.4526741844992452       2.3962447568832737       3.0905911414189142
1.2566370614359172       1.2566370614359172       0.6970522921625244       0.8138927702739108       1.2599990274660193       1.45571546986559         2.439747161284268        3.091677724319332
1.2566370614359172       1.413716694115407        0.7023746773357707       0.8514912291163383       1.2683262981301586       1.4899951415558883       2.484213019110717        3.0929025056534885
1.2566370614359172       1.5707963267948966       0.7012456235352037       0.884167921469656        1.2581306815943307       1.5533559057853885       2.5292136578918303       3.0942536466312744
1.2566370614359172       1.7278759594743862       0.6975879120582029       0.9108075107193584       1.2385314921203399       1.633572877860755        2.5745820553494236       3.0957120192228667
1.2566370614359172       1.8849555921538759       0.6928282247135075       0.9325992632012551       1.2154425573265386       1.7215304454880813       2.6204490529409625       3.0972493984847924
1.2566370614359172       2.0420352248333655       0.6876408401585726       0.9509568330451573       1.191537434018587        1.8115232310131644       2.667297024212704        3.0988270496089245
1.2566370614359172       2.199114857512855        0.6824379016886114       0.9670410951883576       1.168039179538652        1.899378587166149        2.716013606562617        3.100395212875965
1.2566370614359172       2.356194490192345        0.6775230878458655       0.9817277369686661       1.1455373187320497       1.98147632133826         2.7679043262211995       3.1018940758436138
1.2566370614359172       2.5132741228718345       0.6731437937947179       0.9956709802636395       1.124310446507589        2.0543689393512095       2.8245923094486436       3.1032568123495836
1.2566370614359172       2.670353755551324        0.6695072267945256       1.0093691122461856       1.104463780992126        2.1147938614005195       2.8877293439833918       3.1044153403688677
1.2566370614359172       2.827433388230814        0.6667820846623217       1.0232108517280423       1.0859969838273271       2.159947871507727        2.9585156468973555       3.105311573842976
1.2566370614359172       2.9845130209103035       0.6650945842251664       1.0374878834343317       1.0688583702584142       2.187799581102569        3.037000898813264        3.105955450603327
1.2566370614359172       3.141592653589793        0.6645231977450696       1.0507485895973523       1.0546300180358357       2.197202248896844        3.1022918634946812       3.1133067080093886
1.413716694115407        0                        0.13397116974461162      0.8151719320996338       1.0756274855423804       1.6416503938806535       2.246052224845964        3.0879857232882646
1.413716694115407        0.15707963267948966      0.1761009367132513       0.8145196820979282       1.0778970916385906       1.6374248730285503       2.2513329780627096       3.0880609127982535
1.413716694115407        0.3141592653589793       0.2635997520205537       0.8126765010079122       1.0848548413863652       1.6252790355724136       2.266655542020273        3.08828695148643
1.413716694115407        0.47123889803846897      0.36200857145511356      0.8100129383502108       1.0969806085734817       1.6066085500774705       2.2906671565023546       3.0886651782564507
1.413716694115407        0.6283185307179586       0.4596005254789193       0.807286150169356        1.115163883428513        1.5832607643968757       2.321631125943663        3.089197577823621
1.413716694115407        0.7853981633974483       0.5498132940232543       0.8060287160528431       1.140735929722659        1.5572262892411608       2.3578236945457283       3.0898863821923985
1.413716694115407        0.9424777960769379       0.625591287706845        0.8095403001485028       1.1751856522609279       1.5306499405665837       2.397745965871842        3.0907334580828834
1.413716694115407        1.0995574287564276       0.6778661585102402       0.8238063081773302       1.218957250364546        1.5063947963922193       2.4401863852580927       3.0917394321270684
1.413716694115407        1.2566370614359172       0.7023746773245647       0.8514912291263271       1.2683262981238745       1.4899951415601587       2.484213019111504        3.0929025056526616
1.413716694115407        1.413716694115407        0.7080198283492806       0.8843711091432962       1.3097010771344468       1.4944446488832555       2.5291510185875543       3.094216928998187
1.413716694115407        1.5707963267948966       0.7050047505726981       0.914756307811132        1.3241774024122361       1.5360347487015487       2.574571390146757        3.095671153677456
1.413716694115407        1.7278759594743862       0.6982836754921915       0.9407592506363139       1.3151848657928584       1.6079496773794322       2.6202999243948066       3.097245772885932
1.413716694115407        1.8849555921538759       0.6899930398146861       0.9629295487545405       1.2964833406913492       1.6931546590973596       2.6664464954077314       3.098911507810202
1.413716694115407        2.0420352248333655       0.6812036853722345       0.9822285215550667       1.27480368260612         1.7819671533888486       2.713448289346736        3.100627701341295
1.413716694115407        2.199114857512855        0.6725663880810505       0.9994492913805109       1.2527548259914147       1.8690211174395346       2.7621099967600657       3.1023420422445973
1.413716694115407        2.356194490192345        0.664542755167241        1.015111759369668        1.231517992555226        1.950412302600163        2.813605537033538        3.1039926355403233
1.413716694115407        2.5132741228718345       0.6574917494907216       1.029449958901817        1.211809675931114        2.0227080630993557       2.869382297595996        3.1055146335200443
1.413716694115407        2.670353755551324        0.6517015747548953       1.042364866373503        1.1942949152499343       2.0827331298933864       2.930896725025305        3.10685930710137
1.413716694115407        2.827433388230814        0.6473990999623903       1.0532908941224979       1.1798843692304393       2.1277162956932743       2.9990888750527733       3.10807942854709
1.413716694115407        2.9845130209103035       0.6447499606347514       1.0610185485586472       1.1699934004813084       2.1555520589894543       3.072306387321518        3.110496002822767
1.413716694115407        3.141592653589793        0.6438555234807828       1.0638903180225188       1.1663890669286963       2.1649695737610095       3.103891955336312        3.1421094503380353
1.5707963267948966       0                        0.1511247588950483       0.860134309541679        1.0339486816441426       1.7243564373935256       2.285018864990472        3.0889910051226876
1.5707963267948966       0.15707963267948966      0.19005158409243006      0.8587565062928743       1.0368257730458186       1.7199012870586585       2.290556415667686        3.0890709986193143
1.5707963267948966       0.3141592653589793       0.27427520711672976      0.8549371238175647       1.0454423926753473       1.7071286762031124       2.306570668562629        3.0893115720460926
1.5707963267948966       0.47123889803846897      0.3711471590054452       0.8495573367233403       1.0599041052810476       1.6875597231008184       2.331528336910528        3.089714429813681
1.5707963267948966       0.6283185307179586       0.4678862822808917       0.8440369140671354       1.0807648655989892       1.663108494045319        2.363512378409045        3.0902821549774573
1.5707963267948966       0.7853981633974483       0.5569769179323141       0.8406535745947262       1.1093086941294044       1.6356639458260307       2.4006760899593225       3.091017789430639
1.5707963267948966       0.9424777960769379       0.6304326208949865       0.8433911619597215       1.1475193825394074       1.606958140812733        2.441456501903626        3.091924181321881
1.5707963267948966       1.0995574287564276       0.6793127104585823       0.8577256205722585       1.197251450749156        1.578729507455187        2.484615825598129        3.0930030412227865
1.5707963267948966       1.2566370614359172       0.7012456235204536       0.8841679214854592       1.2581306815858913       1.5533559057920896       2.5292136578934663       3.0942536466299146
1.5707963267948966       1.413716694115407        0.7050047505672072       0.914756307816693        1.324177402406655        1.5360347487053816       2.574571390147352        3.0956711536770296
1.5707963267948966       1.5707963267948966       0.6998932855183702       0.9430546411965461       1.3775373119960712       1.5416160867535065       2.620253188436688        3.097244530994852
1.5707963267948966       1.7278759594743862       0.6908307066467093       0.9674467628053557       1.3945419759730568       1.5901220723728429       2.6660690879393107       3.098954243335078
1.5707963267948966       1.8849555921538759       0.6801356600099079       0.9883349305574518       1.3853182392973937       1.6681106543950184       2.7120974333878833       3.1007700020082165
1.5707963267948966       2.0420352248333655       0.6690264340992289       1.0064430908043325       1.3678155578414724       1.7547891525633825       2.758717910283687        3.1026491856188674
1.5707963267948966       2.199114857512855        0.6582520117119828       1.0223245386870905       1.3486720598477593       1.8409533902590642       2.8066369133245748       3.104536970085225
1.5707963267948966       2.356194490192345        0.6483393397714925       1.0362803060965455       1.330226380073274        1.9217783364450876       2.856869557637548        3.1063700748882206
1.5707963267948966       2.5132741228718345       0.6396923938205941       1.0483700030489804       1.3136086209306694       1.9936526421685983       2.910614096169198        3.108088943438253
1.5707963267948966       2.670353755551324        0.6326313103093955       1.0584342427336517       1.2996001763723166       2.0534069695154282       2.9688998559936          3.109678599471413
1.5707963267948966       2.827433388230814        0.6274056861119366       1.0661304368820996       1.2888946412984457       2.098276769496861        3.0316077864444386       3.111390402173581
1.5707963267948966       2.9845130209103035       0.6241966183232961       1.0710148624790894       1.2821358625619372       2.126103269893545        3.0911226707978887       3.1173091859547064
1.5707963267948966       3.141592653589793        0.6231145395240234       1.072695962640257        1.279819237039122        2.1355313739203075       3.1058458635864836       3.1421094503380353
1.7278759594743862       0                        0.16862063879211595      0.8956117668756159       0.9932793783700252       1.816266908606793        2.322067038283827        3.090065046108518
1.7278759594743862       0.15707963267948966      0.20486622275479072      0.8927219708192          0.997502378094426        1.8114589651572024       2.328005644980595        3.090150302303724
1.7278759594743862       0.3141592653589793       0.2860634142435311       0.8853301339295767       1.0092219891939411       1.797758642091762        2.34508273699798         3.0904068137890763
1.7278759594743862       0.47123889803846897      0.3814750034720764       0.8759894027128333       1.026986452505469        1.7769674140216338       2.371453654396007        3.090836732361766
1.7278759594743862       0.6283185307179586       0.47743393087146824      0.8672982542184036       1.050477291649105        1.7512325742643198       2.4049082760426996       3.091443376623683
1.7278759594743862       0.7853981633974483       0.5653539875244041       0.8623738467237355       1.0808596335023402       1.7225207123444564       2.443414965277386        3.0922307907914117
1.7278759594743862       0.9424777960769379       0.6359628083022629       0.8659420877837598       1.1206269006971108       1.6924501713637714       2.4853228031581884       3.09320304932612
1.7278759594743862       1.0995574287564276       0.6800812435118252       0.882887977330455        1.1727570917497383       1.6623644839885248       2.529361757900481        3.094363235741823
1.7278759594743862       1.2566370614359172       0.6975879120404505       0.910807510732413        1.2385314921114856       1.6335728778665706       2.574582055351481        3.095712019220775
1.7278759594743862       1.413716694115407        0.6982836754820835       0.9407592506438316       1.3151848657855245       1.6079496773850874       2.6202999243954035       3.097245772884174
1.7278759594743862       1.5707963267948966       0.6908307066442587       0.9674467628090665       1.3945419759678486       1.5901220723773308       2.6660690879403104       3.098954243334465
1.7278759594743862       1.7278759594743862       0.679736346590623        0.9900360608015557       1.4563388152245564       1.5963088036637532       2.7116779943265477       3.1008179201173514
1.7278759594743862       1.8849555921538759       0.6672016618704061       1.0091568396529358       1.4733654247267693       1.6502840084112216       2.7571658227928943       3.1028054986755835
1.7278759594743862       2.0420352248333655       0.6544263265747752       1.025523588843935        1.4638727473450142       1.7309925779312416       2.8028452604647747       3.1048722244101956
1.7278759594743862       2.199114857512855        0.6421671948884063       1.0396230591577804       1.4482753576833773       1.8155490663195288       2.8493108174566877       3.10696056797753
1.7278759594743862       2.356194490192345        0.6309652207256256       1.0517092734039435       1.4323920680745539       1.8957434979025922       2.8973923617424804       3.109006178861166
1.7278759594743862       2.5132741228718345       0.6212389976105122       1.0618534782971567       1.4180939792911151       1.967275352466546        2.9479740384921898       3.1109574477041644
1.7278759594743862       2.670353755551324        0.613322216222383        1.0699953600100556       1.4062536735414026       2.0268404586001005       3.0014914725366446       3.1128462759668944
1.7278759594743862       2.827433388230814        0.6074761416209534       1.075993757314043        1.3974131827197167       2.071640118781606        3.0563761764310002       3.11520594462551
1.7278759594743862       2.9845130209103035       0.603890936177344        1.079682410648413        1.3919499739831198       2.099467404262292        3.10002228780151         3.1244118605289404
1.7278759594743862       3.141592653589793        0.6026828146364523       1.0809288024159982       1.390101429581674        2.108905520773425        3.1082185743424477       3.1421094503380402
1.8849555921538759       0                        0.18628834822721005      0.9232297191722151       0.9541484065751443       1.9154089916246149       2.3566274997677077       3.0911854460267376
1.8849555921538759       0.15707963267948966      0.22031692358437885      0.9151195408022199       0.9633875788919196       1.9100319597796522       2.3631902558369466       3.0912763087368074
1.8849555921538759       0.3141592653589793       0.2988198411279377       0.9009516319670083       0.981292646563802        1.8948752750611164       2.381881917368773        3.0915498212213572
1.8849555921538759       0.47123889803846897      0.3929408011922667       0.8871795082724327       1.002610916043376        1.8722592988576412       2.4103172352556825       3.0920086777112745
1.8849555921538759       0.6283185307179586       0.4882860187906535       0.8762970335856083       1.0274405835255174       1.844751082363783        2.4458271225100825       3.0926570922449432
1.8849555921538759       0.7853981633974483       0.5750658183435735       0.8716246862872458       1.0575872887444437       1.8145055431424293       2.4861283516986954       3.093500336633488
1.8849555921538759       0.9424777960769379       0.642322413069114        0.8786209191353853       1.0963614329400901       1.7831367057574732       2.529471689030279        3.0945439994373434
1.8849555921538759       1.0995574287564276       0.6806412804149178       0.9011055882435913       1.1480791966857993       1.7518319928425319       2.5745623326415656       3.09579287698681
1.8849555921538759       1.2566370614359172       0.6928282246959738       0.9325992632180605       1.2154425573175638       1.7215304454943579       2.6204490529442688       3.0972493984823233
1.8849555921538759       1.413716694115407        0.6899930398014938       0.9629295487620163       1.296483340683583        1.6931546591035533       2.6664464954095544       3.098911507807985
1.8849555921538759       1.5707963267948966       0.680135659999918        0.9883349305597023       1.3853182392905916       1.668110654400224        2.712097433388837        3.1007700020063313
1.8849555921538759       1.7278759594743862       0.6672016618677485       1.009156839655125        1.4733654247213865       1.6502840084166202       2.757165822793716        3.102805498674879
1.8849555921538759       1.8849555921538759       0.6531430243457751       1.0264708344465459       1.5402361398650735       1.656412922991177        2.8016480083095314       3.104985519435187
1.8849555921538759       2.0420352248333655       0.6390592078740097       1.0410985523912362       1.5559666694919085       1.7136527666450927       2.845786025726519        3.107262701357412
1.8849555921538759       2.199114857512855        0.6256681777163177       1.0535342744605176       1.5466618340019136       1.7934841022185473       2.8900579369598507       3.109576071151285
1.8849555921538759       2.356194490192345        0.6134982663610665       1.064034048005108        1.5333755908204167       1.8725181071975388       2.935099188994849        3.1118595122425106
1.8849555921538759       2.5132741228718345       0.6029674327726685       1.0726981334376058       1.5208130134495539       1.9436498233015473       2.9814608270582545       3.114069706447644
1.8849555921538759       2.670353755551324        0.5944142209395084       1.0795302864808736       1.5103486748448063       2.003055449076889        3.0289726520749          3.116290681447596
1.8849555921538759       2.827433388230814        0.5881067156526016       1.0844820013749121       1.5025712027903257       2.0478114702340577       3.0748351519604467       3.1193579605383346
1.8849555921538759       2.9845130209103035       0.5842415790705106       1.0874883649100908       1.4977940219314567       2.0756485767831885       3.1056173010665935       3.129798527966419
1.8849555921538759       3.141592653589793        0.5829396001542815       1.088497090575184        1.4961838118485238       2.085097568651557        3.1110806810079463       3.1421094503380385
2.0420352248333655       0                        0.20388145311283193      0.9170847257343903       0.9445553130882268       2.0197855454738427       2.388208175753153        3.092323171267502
2.0420352248333655       0.15707963267948966      0.23611023871547177      0.9085071528978286       0.9540245958202446       2.0134613620557134       2.395772385679489        3.0924197999970886
2.0420352248333655       0.3141592653589793       0.3123204163415909       0.8941211345511931       0.9714489907980933       1.9959717448695966       2.4169532729908845       3.0927108293714887
2.0420352248333655       0.47123889803846897      0.405422158547929        0.8805480963900616       0.9914857740518116       1.9705972397124345       2.448385222555392        3.093199609162221
2.0420352248333655       0.6283185307179586       0.5004418645226424       0.8706650126073819       1.014167430062097        1.9405677206256151       2.486701434850931        3.0938914399619035
2.0420352248333655       0.7853981633974483       0.5862208982903687       0.8689442167703259       1.0411868038496694       1.908282074797544        2.529322703021491        3.094793091799608
2.0420352248333655       0.9424777960769379       0.6495817768637299       0.882619683625343        1.0761345292830025       1.8753516287560639       2.5744283333920626       3.0959120141995005
2.0420352248333655       1.0995574287564276       0.6811772633314372       0.914018255560215        1.1247062411305013       1.8428487827881468       2.6207307671725983       3.0972551250171483
2.0420352248333655       1.2566370614359172       0.687640840140478        0.950956833059339        1.1915374340111202       1.8115232310199663       2.6672970242159177       3.0988270496054495
2.0420352248333655       1.413716694115407        0.6812036853584332       0.9822285215645368       1.2748036825979856       1.7819671533949066       2.713448289348722        3.1006277013379044
2.0420352248333655       1.5707963267948966       0.6690264340908059       1.0064430908106154       1.3678155578344184       1.7547891525704993       2.75871791028563         3.1026491856164573
2.0420352248333655       1.7278759594743862       0.6544263265674265       1.025523588846079        1.4638727473374122       1.7309925779378401       2.802845260465707        3.1048722244084863
2.0420352248333655       1.8849555921538759       0.6390592078753847       1.0410985523947718       1.5559666694862713       1.713652766650715        2.845786025727521        3.1072627013570493
2.0420352248333655       2.0420352248333655       0.6238922111918127       1.0541216933297024       1.624988286545063        1.7190654433858108       2.8877185574633186       3.1097696033237265
2.0420352248333655       2.199114857512855        0.6095843092840952       1.0651025893459738       1.6387725520811118       1.7770396231790084       2.9290178716565927       3.112326814032845
2.0420352248333655       2.356194490192345        0.5966390833488389       1.0742970399919836       1.6300938554657345       1.8525236320434237       2.970148344776618        3.114864015222845
2.0420352248333655       2.5132741228718345       0.5854666943203389       1.0818174537635268       1.6192274492940133       1.9228806677157622       3.0113783040570703       3.1173424471410653
2.0420352248333655       2.670353755551324        0.5764064295251156       1.0876959379474058       1.609766881546618        1.982076977910007        3.0520887963694645       3.1198887717630908
2.0420352248333655       2.827433388230814        0.5697309485288021       1.0919231679008685       1.6026687243313198       2.026793477010718        3.088882555437443        3.12354972272193
2.0420352248333655       2.9845130209103035       0.5656422802255623       1.0944744767994026       1.598303127858556        2.0546454341748643       3.110503173716928        3.1335148713278116
2.0420352248333655       3.141592653589793        0.5642652892052757       1.0953277789591593       1.5968321123493647       2.0641063258709598       3.1144985584758436       3.14210945033804
2.199114857512855        0                        0.22106037816437477      0.8826514189816133       0.9609168851071442       2.1274836412191167       2.4163862532562885       3.0934425279334947
2.199114857512855        0.15707963267948966      0.251867191052634        0.8790457126833717       0.9651458612924139       2.1194999849155174       2.4256636858307394       3.093544804428874
2.199114857512855        0.3141592653589793       0.3262392892027185       0.8703183743289378       0.9761054106911824       2.098204145228731        2.4508043813320266       3.093853043483912
2.199114857512855        0.47123889803846897      0.41869644725951555      0.8603445401422478       0.9912373366969871       2.068742375104168        2.4865537672505664       3.094371394891774
2.199114857512855        0.6283185307179586       0.5138328422553293       0.8533582774850177       1.00951104839306         2.035277138760646        2.5285728718426355       3.095106491674801
2.199114857512855        0.7853981633974483       0.5989123200665178       0.8560949823081543       1.031650356197779        2.000379291255549        2.574053444616749        3.096066953196215
2.199114857512855        0.9424777960769379       0.6577466422759544       0.8791427789472264       1.0607408007903423       1.9655496853372696       2.6212090815329234       3.0972625431282776
2.199114857512855        1.0995574287564276       0.6817608935953344       0.9228749625706975       1.1035884958935254       1.9316902478036027       2.668824746045493        3.0987028352760073
2.199114857512855        1.2566370614359172       0.6824379016726865       0.9670410952019023       1.1680391795322884       1.8993785871735367       2.7160136065666967       3.100395212871927
2.199114857512855        1.413716694115407        0.6725663880664378       0.9994492913892934       1.2527548259832055       1.86902111744613         2.7621099967626503       3.1023420422409953
2.199114857512855        1.5707963267948966       0.6582520117014801       1.0223245386931272       1.3486720598391817       1.8409533902660558       2.806636913326539        3.1045369700823886
2.199114857512855        1.7278759594743862       0.6421671948826153       1.0396230591623792       1.4482753576766827       1.8155490663272942       2.8493108174582393       3.106960567975706
2.199114857512855        1.8849555921538759       0.6256681777132437       1.0535342744637686       1.5466618339947658       1.7934841022260217       2.890057936960161        3.1095760711505043
2.199114857512855        2.0420352248333655       0.6095843092831363       1.0651025893476214       1.6387725520747904       1.7770396231854122       2.9290178716569724       3.1123268140321687
2.199114857512855        2.199114857512855        0.5945104579193112       1.0748262542465197       1.7073777959415957       1.7811718023205825       2.9665044735881563       3.115138355260884
2.199114857512855        2.356194490192345        0.5809216238014224       1.0829423947798258       1.718834295337405        1.8373163879585608       3.0028778498347943       3.117931374827518
2.199114857512855        2.5132741228718345       0.5692175913607059       1.0895568112757277       1.711100864157296        1.9052011643613325       3.0382440178539145       3.120662962582461
2.199114857512855        2.670353755551324        0.5597367897441656       1.0947073320109264       1.7026399322153214       1.963946734915648        3.0718014775538993       3.123476309581766
2.199114857512855        2.827433388230814        0.5527555451635232       1.098398021121673        1.6960472471927899       2.008589496997893        3.100254646860146        3.1274549811092274
2.199114857512855        2.9845130209103035       0.5484807972893114       1.10061947844356         1.691953236006693        2.036454172306712        3.115501187272957        3.1360718892955206
2.199114857512855        3.141592653589793        0.54704129473303         1.1013613686879302       1.6905701881109023       2.0459273672661467       3.11851318657483         3.14210945033804
2.356194490192345        0                        0.2373750015848222       0.8514751530053353       0.9733581287876971       2.236582745515182        2.440803962723041        3.094502025440629
2.356194490192345        0.15707963267948966      0.2671020993752126       0.8490302719711031       0.9761295578872033       2.2253938602208714       2.453348922180301        3.0946094180261356
2.356194490192345        0.3141592653589793       0.3401218480560782       0.842643253814532        0.9838370683256062       2.1977696095695567       2.48499504935779         3.094933340496946
2.356194490192345        0.47123889803846897      0.43239936525349965      0.8347995179390637       0.9952816151375352       2.1625860808692465       2.5267278607336854       3.095478953077593
2.356194490192345        0.6283185307179586       0.5282798685903396       0.8297132513522139       1.0096539085767064       2.1248745983921364       2.573288031885014        3.0962545840541775
2.356194490192345        0.7853981633974483       0.6132121419043778       0.8362075807487739       1.0271732411519248       2.086986636053567        2.622012324526471        3.097271229286102
2.356194490192345        0.9424777960769379       0.6667330003553218       0.8698432710868901       1.0500814413334971       2.050079169430763        2.6713601363439086       3.098541659731998
2.356194490192345        1.0995574287564276       0.6824026735030263       0.9285949730166294       1.0853747763443342       2.014782543888387        2.7202671478693428       3.100078935575867
2.356194490192345        1.2566370614359172       0.6775230878254261       0.9817277369792528       1.1455373187250864       1.981476321345291        2.7679043262250653       3.1018940758384512
2.356194490192345        1.413716694115407        0.6645427551519315       1.0151117593801826       1.231517992547453        1.9504123026079934       2.813605537036752        3.1039926355356635
2.356194490192345        1.5707963267948966       0.6483393397578794       1.036280306101995        1.3302263800647103       1.9217783364518561       2.856869557639237        3.1063700748842664
2.356194490192345        1.7278759594743862       0.6309652207169724       1.0517092734090951       1.43239206806597         1.8957434979099004       2.897392361743523        3.109006178858168
2.356194490192345        1.8849555921538759       0.6134982663553756       1.064034048009352        1.533375590811295        1.8725181072052623       2.9350991889957427       3.1118595122401564
2.356194490192345        2.0420352248333655       0.5966390833471674       1.0742970399952991       1.6300938554576205       1.8525236320515228       2.970148344777079        3.1148640152215443
2.356194490192345        2.199114857512855        0.5809216237991979       1.0829423947806571       1.71883429532979         1.8373163879654626       3.002877849834755        3.117931374826771
2.356194490192345        2.356194490192345        0.5667931452074217       1.0901670973651738       1.7846264766580473       1.839742699656167        3.033659839416578        3.120965611815681
2.356194490192345        2.5132741228718345       0.5546430372837765       1.0960554759429417       1.7934650796953662       1.8915491192687952       3.0626071708465514       3.123906845201695
2.356194490192345        2.670353755551324        0.5448086068809158       1.1006375438793587       1.786928594889714        1.9487696725404238       3.0890167844959215       3.126879144519837
2.356194490192345        2.827433388230814        0.5375695781868902       1.1039176670110105       1.7808492242138123       1.9932086069791461       3.1101893635001994       3.13083923032899
2.356194490192345        2.9845130209103035       0.5331376089526749       1.1058902288138939       1.776960400946886        2.0210705582336357       3.1208623800120825       3.137854011591745
2.356194490192345        3.141592653589793        0.5316452252789899       1.106548651274432        1.7756371273328038       2.0305552390663446       3.1231007864050793       3.1421094503380402
2.5132741228718345       0                        0.2522534146001079       0.8242660894211871       0.9826613910148155       2.3448422910909597       2.4611659847449765       3.0954563536239257
2.5132741228718345       0.15707963267948966      0.28120646359920015      0.8221606026832864       0.9847775570128285       2.3263202583511524       2.4811368893337615       3.095567676901949
2.5132741228718345       0.3141592653589793       0.3533573230120131       0.8164735548568327       0.9907889841809988       2.2885840367485204       2.5231602122119248       3.095903843860138
2.5132741228718345       0.47123889803846897      0.44596846277946045      0.8091099823748504       0.9999423493797247       2.246604690707276        2.5720857771921657       3.0964713886522466
2.5132741228718345       0.6283185307179586       0.5434153370576246       0.8041192037240512       1.0115731280795457       2.204591491999729        2.6234047346603333       3.0972809770797505
2.5132741228718345       0.7853981633974483       0.6291618590035521       0.8124448016065743       1.0255841072220833       2.1639026293647143       2.675340391713233        3.098346946262087
2.5132741228718345       0.9424777960769379       0.6763110267479272       0.8568924905064768       1.0432822159982411       2.1251192480372096       2.726783130510407        3.099686394439599
2.5132741228718345       1.0995574287564276       0.6830720072238523       0.9319025261741203       1.070482525164381        2.088546696881951        2.7768129681601637       3.101317520882818
2.5132741228718345       1.2566370614359172       0.6731437937773049       0.9956709802743505       1.1243104465041487       2.054368939359273        2.8245923094525573       3.103256812343853
2.5132741228718345       1.413716694115407        0.6574917494758084       1.0294499589117707       1.2118096759231616       2.022708063107945        2.8693822975986505       3.1055146335146384
2.5132741228718345       1.5707963267948966       0.6396923938072856       1.048370003055325        1.313608620922295        1.993652642177365        2.9106140961714977       3.108088943434046
2.5132741228718345       1.7278759594743862       0.6212389976022759       1.061853478303782        1.4180939792831595       1.9672753524754172       2.947974038493728        3.110957447700545
2.5132741228718345       1.8849555921538759       0.6029674327650594       1.072698133442224        1.52081301344127         1.9436498233101736       2.981460827058766        3.114069706444554
2.5132741228718345       2.0420352248333655       0.5854666943161275       1.0818174537671965       1.619227449285712        1.9228806677249433       3.0113783040571347       3.117342447138836
2.5132741228718345       2.199114857512855        0.5692175913572493       1.0895568112763727       1.7111008641491134       1.9052011643699172       3.038244017853851        3.1206629625811995
2.5132741228718345       2.356194490192345        0.5546430372872897       1.0960554759459402       1.7934650796878586       1.891549119278072        3.0626071708466434       3.123906845201262
2.5132741228718345       2.5132741228718345       0.5421233478760346       1.1013668056447043       1.8540077920021267       1.8920352405051755       3.084762996034683        3.126982847804359
2.5132741228718345       2.670353755551324        0.5319950449786616       1.1055057062484033       1.86002612196185         1.9370058945906279       3.104308614950106        3.129964265631469
2.5132741228718345       2.827433388230814        0.5245411605139058       1.108470381873276        1.854944317332228        1.9806812543621415       3.1193191677120313       3.133602637292125
2.5132741228718345       2.9845130209103035       0.5199778515854686       1.1102535833967953       1.851259706749642        2.008491473798092        3.1265420386616456       3.1391021578627587
2.5132741228718345       3.141592653589793        0.5184412372242917       1.1108488180785954       1.849981436231479        2.017984759735006        3.1281104684225016       3.14210945033804
2.670353755551324        0                        0.26500976170677015      0.8018162867947344       0.989393049288351        2.4489941501154773       2.4772371030137497       3.096259520702855
2.670353755551324        0.15707963267948966      0.2934515116777183       0.7997523876325293       0.9911534390429332       2.409895938655009        2.5179509681718812       3.096372363218484
2.670353755551324        0.3141592653589793       0.3651652273160142       0.7940193620502105       0.996192170455926        2.3613759238404355       2.5712422407823357       3.09671376992823
2.670353755551324        0.47123889803846897      0.45857841900750385      0.7860884342354643       1.0039278217019751       2.314365448277839        2.625948477444769        3.0972923787007596
2.670353755551324        0.6283185307179586       0.5585352565881417       0.7795247141551979       1.0137501978651444       2.269491622273103        2.6810451663669435       3.098122543907642
2.670353755551324        0.7853981633974483       0.6467524686922023       0.787106049965667        1.0253413650637724       2.226982861861407        2.735726492616752        3.099224106951615
2.670353755551324        0.9424777960769379       0.6860006905924649       0.8426689583471196       1.039211689629051        2.186973889071181        2.789093703730916        3.100621688809112
2.670353755551324        1.0995574287564276       0.6837099103675737       0.9334545456693643       1.0590993316691322       2.1495560762635226       2.8401242838191347       3.1023429959606164
2.670353755551324        1.2566370614359172       0.6695072267766904       1.0093691122535922       1.104463780989622        2.1147938614090847       2.8877293439867997       3.1044153403627717
2.670353755551324        1.413716694115407        0.6517015747433086       1.0423648663852925       1.1942949152435542       2.0827331299025205       2.930896725028335        3.1068593070968564
2.670353755551324        1.5707963267948966       0.6326313102991956       1.058434242743248        1.299600176364042        2.0534069695246497       2.968899855995352        3.1096785994667506
2.670353755551324        1.7278759594743862       0.6133222162157868       1.0699953600184133       1.4062536735339113       2.026840458609549        3.001491472537701        3.112846275964496
2.670353755551324        1.8849555921538759       0.5944142209295701       1.0795302864844563       1.51034867483582         2.0030554490868058       3.0289726520749376       3.116290681444507
2.670353755551324        2.0420352248333655       0.5764064295198417       1.087695937951245        1.6097668815378738       1.9820769779192833       3.0520887963692416       3.119888771759415
2.670353755551324        2.199114857512855        0.5597367897382742       1.0947073320123462       1.7026399322060595       1.9639467349257336       3.0718014775550717       3.1234763095791873
2.670353755551324        2.356194490192345        0.5448086068785599       1.1006375438809404       1.7869285948810039       1.9487696725506063       3.0890167844939516       3.1268791445181385
2.670353755551324        2.5132741228718345       0.531995044976908        1.105505706248663        1.8600261219523486       1.9370058946005075       3.1043086149505585       3.1299642656304925
2.670353755551324        2.670353755551324        0.5216323147599659       1.1093092013865755       1.912651943993777        1.9356085432996188       3.117607165310564        3.1327413981437777
2.670353755551324        2.827433388230814        0.5140065381475724       1.1120376836431223       1.915876401587649        1.9711602742438612       3.127646034023458        3.1357660348944165
2.670353755551324        2.9845130209103035       0.5093379252119069       1.1136801049363592       1.9125636196349405       1.9987173196362646       3.1322139658203576       3.139963689137965
2.670353755551324        3.141592653589793        0.5077658072276166       1.1142285291376937       1.9113259454524318       2.008211676008389        3.1331877094701994       3.14210945033804
2.827433388230814        0                        0.2748907077523977       0.7849576940134516       0.9939478508295465       2.488839435990879        2.543095618572684        3.096868925594
2.827433388230814        0.15707963267948966      0.3030316385504104       0.7828200194339269       0.9955049449463312       2.4565497132477074       2.5773124678261596       3.0969778616014163
2.827433388230814        0.3141592653589793       0.3746263976262934       0.7767339593910965       0.9999739679104384       2.4088168846656903       2.6307404861463395       3.097308663905371
2.827433388230814        0.47123889803846897      0.4691061604649441       0.7677347047546157       1.0068485414175958       2.3614725831928873       2.6872774494093092       3.0978735431840754
2.827433388230814        0.6283185307179586       0.5723367191873429       0.7583921186087347       1.0155364651125698       2.3160939394482836       2.744853852434543        3.0986935952818837
2.827433388230814        0.7853981633974483       0.6658619364148762       0.7617094138134988       1.025576302347014        2.273104495560145        2.8022675095630434       3.0997998344644153
2.827433388230814        0.9424777960769379       0.6949002694016749       0.8295650778458215       1.0369178548092088       2.23268980409099         2.8581841609186798       3.1012343265910634
2.827433388230814        1.0995574287564276       0.6842425355671077       0.9339054812454777       1.0511921150997672       2.1949509694542018       2.910925272261563        3.103050641313822
2.827433388230814        1.2566370614359172       0.6667820846424737       1.0232108517333554       1.085996983826383        2.1599478715173017       2.9585156469005476       3.1053115738364183
2.827433388230814        1.413716694115407        0.6473990999463806       1.053290894132959        1.1798843692217238       2.1277162957031712       2.9990888750547096       3.1080794285417257
2.827433388230814        1.5707963267948966       0.6274056860979701       1.0661304368901172       1.2888946412897841       2.098276769505833        3.031607786446251        3.1113904021705814
2.827433388230814        1.7278759594743862       0.6074761416127115       1.0759937573226077       1.3974131827117193       2.071640118790959        3.056376176430289        3.1152059446225966
2.827433388230814        1.8849555921538759       0.5881067156466593       1.084482001381591        1.502571202781958        2.0478114702439236       3.0748351519571675       3.1193579605344293
2.827433388230814        2.0420352248333655       0.5697309485247876       1.0919231679063455       1.6026687243221218       2.026793477021251        3.088882555433352        3.1235497227181965
2.827433388230814        2.199114857512855        0.5527555451573329       1.098398021124126        1.6960472471839927       2.008589497007769        3.100254646855647        3.1274549811059944
2.827433388230814        2.356194490192345        0.537569578182173        1.1039176670121762       1.780849224203944        1.9932086069891661       3.1101893634956808       3.1308392303261026
2.827433388230814        2.5132741228718345       0.5245411605087281       1.108470381873144        1.8549443173222138       1.9806812543714425       3.1193191677065384       3.1336026372896515
2.827433388230814        2.670353755551324        0.5140065381472345       1.1120376836435983       1.9158764015782674       1.9711602742543692       3.1276460340227854       3.135766034892049
2.827433388230814        2.827433388230814        0.5062544071956198       1.1146011155900528       1.9575672463503178       1.9683842932833306       3.1343763970320127       3.137621566717249
2.827433388230814        2.9845130209103035       0.5015082460809194       1.1161456547042556       1.9585198152648793       1.991765817684377        3.137248767490152        3.140529307460014
2.827433388230814        3.141592653589793        0.49990995733700766      1.116661613459222        1.9573409357835856       2.0012328754277093       3.137726893383407        3.1421094503380385
2.9845130209103035       0                        0.2811779695694337       0.7744627307152916       0.9965839316431695       2.4958492462376576       2.6149755995981665       3.097249828262435
2.9845130209103035       0.15707963267948966      0.3091710734603819       0.7722377001052232       0.9980341211554183       2.474745932000737        2.6384868502910073       3.097340861841235
2.9845130209103035       0.3141592653589793       0.3808016481557111       0.7657935076073601       1.0021999752723376       2.4332079311758332       2.6871891025595422       3.097618897976539
2.9845130209103035       0.47123889803846897      0.4762258239477935       0.755791582670183        1.0086080639086743       2.388052559081331        2.7440704213785194       3.098099696145053
2.9845130209103035       0.6283185307179586       0.5826080012483671       0.7435311650009495       1.0166714582748622       2.3435120552036133       2.8045109975349263       3.0988131984354648
2.9845130209103035       0.7853981633974483       0.6858975397048466       0.7376371399996574       1.025848918591076        2.3008427412796193       2.8665353036540338       3.099811267788432
2.9845130209103035       0.9424777960769379       0.7015180156908406       0.8200623697253164       1.0357681045042866       2.2605341960936283       2.9282849739200456       3.1011853615273464
2.9845130209103035       1.0995574287564276       0.6845977018587086       0.9338699167640849       1.046580614284955        2.2228142195427574       2.9868265723256613       3.103110009720062
2.9845130209103035       1.2566370614359172       0.6650945842050907       1.0374878834366805       1.068858370259797        2.1877995811122704       3.037000898816068        3.1059554505978566
2.9845130209103035       1.413716694115407        0.6447499606163686       1.0610185485686756       1.1699934004725279       2.1555520590000756       3.0723063873214733       3.110496002819267
2.9845130209103035       1.5707963267948966       0.6241966183098819       1.0710148624882483       1.2821358625537147       2.1261032699038327       3.0911226707893653       3.1173091859515947
2.9845130209103035       1.7278759594743862       0.6038909361662681       1.0796824106544127       1.3919499739756653       2.099467404272498        3.100022287793456        3.1244118605273683
2.9845130209103035       1.8849555921538759       0.5842415790607792       1.08748836491464         1.4977940219233385       2.0756485767937867       3.1056173010587          3.1297985279654066
2.9845130209103035       2.0420352248333655       0.5656422802187023       1.0944744768033068       1.5983031278507929       2.0546454341857516       3.1105031737092164       3.133514871327201
2.9845130209103035       2.199114857512855        0.5484807972813742       1.1006194784453942       1.6919532359969907       2.0364541723168124       3.1155011872652443       3.1360718892947332
2.9845130209103035       2.356194490192345        0.5331376089468162       1.1058902288143886       1.77696040093728         2.0210705582440864       3.1208623800235693       3.1378540115910774
2.9845130209103035       2.5132741228718345       0.519977851583898        1.1102535833983431       1.8512597067400753       2.0084914738080375       3.126542038661761        3.139102157861796
2.9845130209103035       2.670353755551324        0.5093379252110198       1.1136801049375176       1.9125636196253928       1.9987173196471637       3.1322139658215797       3.1399636891365024
2.9845130209103035       2.827433388230814        0.5015082460788797       1.1161456547034225       1.9585198152541883       1.9917658176953157       3.137248767484132        3.140529307456666
2.9845130209103035       2.9845130209103035       0.49671442823200657      1.1176323339966312       1.9859332496659516       1.9887445153256378       3.1407202070414892       3.140932367166509
2.9845130209103035       3.141592653589793        0.49510004535203994      1.1181291326341154       1.985939930836843        1.9970463309861024       3.1409397564399777       3.14210945033804
3.141592653589793        0                        0.28333976318401877      0.7708948888370227       0.9974469428439886       2.498193833610206        2.6435847186201453       3.097379443394522
3.141592653589793        0.15707963267948966      0.3112899762008761       0.7686329929488743       0.9988636283593733       2.479639749583094        2.664853945425715        3.097444196255818
3.141592653589793        0.3141592653589793       0.3829545783528529       0.7620417106052423       1.002933997570784        2.44054534962612         2.7120789322927297       3.0976405258745636
3.141592653589793        0.47123889803846897      0.4787613649638679       0.7516291232586717       1.0091940578308112       2.3965133336070776       2.769612416469987        3.09797475098318
3.141592653589793        0.6283185307179586       0.5865259644745761       0.7380543721920613       1.0170579382445695       2.352481416458678        2.8324422469719606       3.098457758317587
3.141592653589793        0.7853981633974483       0.7001620305726428       0.7219863602695588       1.02595888978844         2.3100503778470154       2.8988629563029615       3.0991055452734995
3.141592653589793        0.9424777960769379       0.704032281060741        0.8165287701843275       1.0354203720015178       2.2698554430459597       2.968103561296568        3.099939990759372
3.141592653589793        1.0995574287564276       0.6847225651901702       0.9338018999605607       1.0450706588349246       2.2321900026407024       3.0397022342785385       3.1009898429262224
3.141592653589793        1.2566370614359172       0.6645231977257874       1.050748589587867        1.0546300180479213       2.197202248906978        3.102291863466766        3.1133067080238033
3.141592653589793        1.413716694115407        0.6438555234628746       1.0638903180324948       1.1663890669188908       2.164969573770875        3.103891955324608        3.142109450338035
3.141592653589793        1.5707963267948966       0.6231145395104165       1.0726959626481745       1.2798192370316839       2.1355313739302986       3.105845863577624        3.1421094503380336
3.141592653589793        1.7278759594743862       0.6026828146231921       1.0809288024214054       1.3901014295720395       2.108905520783756        3.1082185743332307       3.1421094503380376
3.141592653589793        1.8849555921538759       0.5829396001428669       1.0884970905789098       1.4961838118398523       2.0850975686623157       3.1110806810000056       3.1421094503380376
3.141592653589793        2.0420352248333655       0.5642652891970031       1.095327778962133        1.5968321123406384       2.06410632588137         3.114498558468385        3.1421094503380416
3.141592653589793        2.199114857512855        0.5470412947276945       1.1013613686900554       1.6905701881022543       2.045927367276802        3.1185131865700373       3.1421094503380416
3.141592653589793        2.356194490192345        0.5316452252749385       1.1065486512759823       1.7756371273236715       2.0305552390772483       3.1231007864050633       3.1421094503380367
3.141592653589793        2.5132741228718345       0.5184412372205716       1.110848818078624        1.8499814362215563       2.017984759746314        3.128110468422413        3.142109450338039
3.141592653589793        2.670353755551324        0.5077658072245801       1.1142285291373708       1.9113259454423446       2.008211676019164        3.133187709473271        3.1421094503380376
3.141592653589793        2.827433388230814        0.4999099573328134       1.116661613457407        1.9573409357729612       2.0012328754382396       3.137726893374457        3.14210945033804
3.141592653589793        2.9845130209103035       0.49510004535082175      1.1181291326333551       1.98593993082597         1.9970463309967312       3.1409397564341766       3.1421094503380353
3.141592653589793        3.141592653589793        0.4934802253982431       1.118619591457274        1.9956509326566372       1.995650932654902        3.1421094503379714       3.142109450338129
