0                        0                        9.143235579791804E-7     1.1511594448106556E-6    0.5878853866316345       0.5879155294702423       0.7756219812014766       1.2950151064282978
0                        0.15707963267948966      0.005845499957235845     0.11274661775579153      0.5847253649691568       0.5938444285498795       0.7788404613385755       1.2953521595949078
0                        0.3141592653589793       0.011738920344905333     0.21796058510795846      0.5758626893115334       0.6139202873592299       0.787868070880886        1.2963679126181007
0                        0.47123889803846897      0.017726280222957063     0.3061808815484456       0.5626992014679681       0.6547323646129083       0.8012725266273906       1.2980757987855207
0                        0.6283185307179586       0.02384982160147466      0.369083257838959        0.5466714256633898       0.7228937221155317       0.8175672030146741       1.3004969802579205
0                        0.7853981633974483       0.030146170198075778     0.40751517342155186      0.5288910713864491       0.8164156495102592       0.8355720624609998       1.3036582692945378
0                        0.9424777960769379       0.036644508467633445     0.42969326177627937      0.5101314265534994       0.8544296048259573       0.9262117340037587       1.3075887554735997
0                        1.0995574287564276       0.04336469362081117      0.4428518291477524       0.4909203843511193       0.8735157530351035       1.0442814206904094       1.3123147290419255
0                        1.2566370614359172       0.05031520028711682      0.4511022719656466       0.4716285389585508       0.8923574245825177       1.165738939418662        1.317852490897132
0                        1.413716694115407        0.05749070803392875      0.4525308791691478       0.45655881791254527      0.9105789855834604       1.2875957009968273       1.3241987931129124
0                        1.5707963267948966       0.06486909003743586      0.4338471702913383       0.46032978651321155      0.9278724353877694       1.3313189913170445       1.4076790022472463
0                        1.7278759594743862       0.07240749677628865      0.415769012219023        0.4630265210555687       0.943983149173618        1.339133757335301        1.5240291446953882
0                        1.8849555921538759       0.08003718897191947      0.39847950399757875      0.46500470905348984      0.9587044594880209       1.347505679610519        1.634573134767847
0                        2.0420352248333655       0.08765681756838187      0.38216925151870773      0.46648133115831675      0.9718760774241205       1.356228419927417        1.7369773983316084
0                        2.199114857512855        0.09512412180359897      0.3670507827870816       0.4675940588677399       0.9833827305890531       1.3650212821629724       1.8287040245864494
0                        2.356194490192345        0.10224682406926427      0.35337178033968236      0.4684329613276545       0.9931507386678787       1.3735325433918384       1.9073387503306212
0                        2.5132741228718345       0.10877534684985027      0.3414252100650641       0.46905821422651217      1.0011416662469914       1.3813544820392492       1.9711386966198545
0                        2.670353755551324        0.11440332184616574      0.3315508007031542       0.46951037070353746      1.007343486405846        1.3880519810839942       2.019483123985527
0                        2.827433388230814        0.11878596128295808      0.32411806458772074      0.4698164820778566       1.0117605548530901       1.3932043460524635       2.052839941849094
0                        2.9845130209103035       0.12158686225282143      0.3194804510970832       0.4699937827433679       1.0144039840620678       1.3964561767950645       2.0722321770458194
0                        3.141592653589793        0.12255232962441266      0.317901648556152        0.47005185754602036      1.0152838180598927       1.3975682950473114       2.073513915191933
0.15707963267948966      0                        0.005845500253040801     0.1127465064667469       0.5847546240584761       0.5938146989255699       0.7788411209486057       1.295352433883229
0.15707963267948966      0.15707963267948966      0.11247685895196555      0.11338285705746722      0.5881221984467183       0.5931556911129404       0.7821153087047978       1.2956976524970554
0.15707963267948966      0.3141592653589793       0.11348080609733244      0.21807971836619952      0.5808839469974438       0.6114354767854601       0.7913187592859959       1.296738548567242
0.15707963267948966      0.47123889803846897      0.11442042839455077      0.3061847015594996       0.5678615217197941       0.6518153408100317       0.8050929667879677       1.2984905336979784
0.15707963267948966      0.6283185307179586       0.1157612571996188       0.3688160766167318       0.5519336783074275       0.7191359182644466       0.8223501710494178       1.3009788484180442
0.15707963267948966      0.7853981633974483       0.11752703187507953      0.4068558802770995       0.5343014797281234       0.8068852568940115       0.8462923123764918       1.304238410298951
0.15707963267948966      0.9424777960769379       0.11974368750229647      0.4285662056206132       0.5157979155378041       0.8529930087400737       0.9289173493550745       1.3083160307480868
0.15707963267948966      1.0995574287564276       0.12243670999277005      0.441055898316635        0.4970946153338634       0.8741273954342639       1.0448604178040304       1.31328552146234
0.15707963267948966      1.2566370614359172       0.12562771108230117      0.44783613580135817      0.47914090164653383      0.8934959119603374       1.1653804661029936       1.3193510125796597
0.15707963267948966      1.413716694115407        0.1293304771100221       0.4474880232790299       0.465719133806042        0.9119120363167381       1.284140445703913        1.3286825073027806
0.15707963267948966      1.5707963267948966       0.1335464582472805       0.4349170335120396       0.4632285738460399       0.9292731263140858       1.3299157583736545       1.4100980714000324
0.15707963267948966      1.7278759594743862       0.13825949180524988      0.4181184376686874       0.46445498530220347      0.9453896640144518       1.3390269133776957       1.525169515573244
0.15707963267948966      1.8849555921538759       0.14342931846187915      0.4011417627371881       0.4658657884375386       0.960083309786009        1.3478249998924203       1.6352902057558707
0.15707963267948966      2.0420352248333655       0.14898315662428585      0.3847837434411942       0.46704991703777904      0.9732091400559594       1.3568098617430602       1.7373667025299893
0.15707963267948966      2.199114857512855        0.1548043372918291       0.3693937860234895       0.4679881922953641       0.9846617042965026       1.3658041642851328       1.8286707600029186
0.15707963267948966      2.356194490192345        0.16071708531872134      0.3552632947123013       0.4687146261281574       0.9943743077440406       1.3744832291960507       1.9065984401331817
0.15707963267948966      2.5132741228718345       0.16646786951249923      0.3427166611871323       0.469264630756909        1.0023137321673607       1.3824465378794633       1.969049944972931
0.15707963267948966      2.670353755551324        0.17170841932758094      0.33214947324095845      0.4696662956934393       1.0084718525738754       1.3892590461433416       2.0145299923231823
0.15707963267948966      2.827433388230814        0.17599646882173955      0.32403611511724106      0.46993991161492843      1.0128558417763016       1.3944973067063617       2.0415591600023455
0.15707963267948966      2.9845130209103035       0.1788453385426139       0.3188841873051481       0.4700989772704803       1.0154786997827374       1.397802473556195        2.0514172006146847
0.15707963267948966      3.141592653589793        0.17984897428498228      0.31711158639982695      0.470151178266409        1.016351548612056        1.3989326580002601       2.0530155535656474
0.3141592653589793       0                        0.011738922817887599     0.21795958877001267      0.5758900462326723       0.6138917302743473       0.7878703656359048       1.2963690141528965
0.3141592653589793       0.15707963267948966      0.11348089454159888      0.2180787439284585       0.580909620554183        0.6114090796400412       0.7913203824526901       1.2967393806241594
0.3141592653589793       0.3141592653589793       0.2171592906430354       0.21968867665102562      0.591947185988829        0.6109657348443895       0.8010375879651283       1.2978575505566599
0.3141592653589793       0.47123889803846897      0.21897542636973505      0.30623215932273373      0.5847593887491834       0.6448933112378847       0.8157527998903412       1.2997448430800576
0.3141592653589793       0.6283185307179586       0.21983007908194888      0.36808459489378703      0.5698459350135201       0.709979518068379        0.8349953791202693       1.3024386296690758
0.3141592653589793       0.7853981633974483       0.22096452177202888      0.4050845071926058       0.5528529609822719       0.7929088898186921       0.8641063357292105       1.3059977942699976
0.3141592653589793       0.9424777960769379       0.22241389414999627      0.4257533014332155       0.5350493593936481       0.8494753308648941       0.9364561851188816       1.3105210489249477
0.3141592653589793       1.0995574287564276       0.22421562022514185      0.43721043379502755      0.5172224275830524       0.8761042284568565       1.046646039147393        1.3162187758840247
0.3141592653589793       1.2566370614359172       0.2264112105764549       0.4430381964376249       0.5002070590235899       0.8970355458143434       1.1644149548551712       1.3238064946199037
0.3141592653589793       1.413716694115407        0.22904551491594147      0.44409520925237617      0.4854412417837136       0.9160195526354641       1.276726645573642        1.3392538728804082
0.3141592653589793       1.5707963267948966       0.23216543598633368      0.4391478147711132       0.47539950290585314      0.9335645320552644       1.3262696700073449       1.4168718937552638
0.3141592653589793       1.7278759594743862       0.23581828732737017      0.42803562969867875      0.47095892225019226      0.9496787888974512       1.3388148261405364       1.528572950040353
0.3141592653589793       1.8849555921538759       0.24004974882697624      0.4136949339997935       0.46962688054595586      0.9642704119091884       1.3488756625854594       1.6374504437736823
0.3141592653589793       2.0420352248333655       0.24490121505335363      0.39841409296514346      0.46940880491589715      0.977241437870514        1.3586531337756182       1.7385471555799796
0.3141592653589793       2.199114857512855        0.2504059948629116       0.3831618367852909       0.4695447819744333       0.988516421225858        1.3682608416130408       1.8285847109380444
0.3141592653589793       2.356194490192345        0.2565829203773197       0.3683623891554195       0.46977317960507375      0.9980499235084396       1.3774523607717606       1.9044238552483697
0.3141592653589793       2.5132741228718345       0.26342320443986095      0.35425743972847096      0.46999956747190136      1.0058244851925984       1.385847987669739        1.9631399901997295
0.3141592653589793       2.670353755551324        0.2708568384095097       0.34105777594300735      0.47018866555697475      1.011843654649755        1.3930125004178757       2.002306302149379
0.3141592653589793       2.827433388230814        0.27864420014953073      0.3290942292868421       0.4703274745045702       1.0161229458377181       1.3985138511222392       2.022089072811285
0.3141592653589793       2.9845130209103035       0.2859315489400608       0.3192791183199699       0.47041157465682243      1.0186808938092884       1.4019825149071772       2.0288114538992232
0.3141592653589793       3.141592653589793        0.2895941308234993       0.31477035947013565      0.47043970498606313      1.0195317578925185       1.4031681974009729       2.030127514402498
0.47123889803846897      0                        0.01772628857445307      0.30617719514868547      0.5627241475507582       0.6547067554080743       0.8012767725988388       1.2980782932558343
0.47123889803846897      0.15707963267948966      0.11442050334971837      0.30618105388926253      0.5678859004290473       0.6517908439082565       0.8050964583765378       1.2984927740561154
0.47123889803846897      0.3141592653589793       0.21897634743558064      0.3062285491952097       0.584780388278805        0.6448730752421766       0.8157545089624259       1.2997462610370554
0.47123889803846897      0.47123889803846897      0.30263538681234264      0.3098110307230743       0.6085872456218846       0.6473615583846488       0.8317937124305881       1.3018697648108675
0.47123889803846897      0.6283185307179586       0.3057818466511065       0.3673789804952977       0.605513718014557        0.7003793041600606       0.8529416255703857       1.3049204049720577
0.47123889803846897      0.7853981633974483       0.3058155330984905       0.40304229701434346      0.5911619007707307       0.7805331000989758       0.8841593803948283       1.3089956071114102
0.47123889803846897      0.9424777960769379       0.305810715770977        0.42284613289942247      0.5750025110309517       0.8457244270736276       0.9478521222577573       1.3142759164561346
0.47123889803846897      1.0995574287564276       0.3058242040566083       0.4340914883398349       0.5585823887019835       0.879995758771089        1.0498286739146276       1.3211789300627461
0.47123889803846897      1.2566370614359172       0.30588075114614927      0.44065918894638695      0.5425271785857403       0.903451284877489        1.1631846206785754       1.3311176744687927
0.47123889803846897      1.413716694115407        0.30599989601588207      0.44440029268942055      0.5272606643576804       0.9233080760090103       1.2686745767985923       1.3528359774605867
0.47123889803846897      1.5707963267948966       0.3061986611611605       0.44614140232512073      0.513180162393762        0.941077599531995        1.3216268471307127       1.4270205094941906
0.47123889803846897      1.7278759594743862       0.30649079968306236      0.44614352220112036      0.5007433590969192       0.9571067068414526       1.3388486079541129       1.5341857327544046
0.47123889803846897      1.8849555921538759       0.30688483118179827      0.4443329989017239       0.4904867788621999       0.9714522758412429       1.3509670918473153       1.6410742387549884
0.47123889803846897      2.0420352248333655       0.30738129026583394      0.4405968334011485       0.48285049330681795      0.984097223883599        1.3620861395034365       1.7405489424634943
0.47123889803846897      2.199114857512855        0.30796941862148136      0.4352269326756693       0.47779556250613275      0.9950175672312298       1.3727458516563775       1.828478663055032
0.47123889803846897      2.356194490192345        0.308623768882804        0.4290292855411426       0.4747284135909664       1.0042039192841192       1.3828208925666037       1.900937706332401
0.47123889803846897      2.5132741228718345       0.309301735229734        0.42291120141806593      0.47293187249090834      1.011665075570801        1.3919636950403484       1.954236242724206
0.47123889803846897      2.670353755551324        0.3099437933223026       0.4175671705905679       0.4718871945990741       1.017423605981927        1.3997374946572534       1.9865266139045086
0.47123889803846897      2.827433388230814        0.31047878017256         0.41345950029648865      0.47129206912582117      1.0215082970394704       1.4056947936016764       2.001248125741638
0.47123889803846897      2.9845130209103035       0.3108358262724077       0.4108828690887459       0.47098576933516817      1.023946296321674        1.409447101887978        2.0061439946391384
0.47123889803846897      3.141592653589793        0.3109614455212676       0.4100055930774751       0.47089129232388605      1.0247566587704375       1.4107291530827695       2.007143713658344
0.6283185307179586       0                        0.023849841349962396     0.3690749861638785       0.5466939172634179       0.7228728687121568       0.8175732304693814       1.3005014531204977
0.6283185307179586       0.15707963267948966      0.11576131845522512      0.3688078757007887       0.5519558436030159       0.719116289841816        0.8223550521111435       1.3009831014238566
0.6283185307179586       0.3141592653589793       0.219830971049324        0.36807647972117435      0.5698664166462366       0.7099630215697506       0.8349978681369536       1.3024420857303247
0.6283185307179586       0.47123889803846897      0.30578531231872574      0.36737103123843545      0.6055292247207646       0.7003671519243675       0.8529422190248714       1.3049224567221902
0.6283185307179586       0.6283185307179586       0.3556914254409195       0.37497919991363554      0.6483315812216639       0.7087610730020263       0.8756291018566497       1.3085075759317109
0.6283185307179586       0.7853981633974483       0.35876800263961295      0.40390728040483087      0.6519563399288694       0.773854403617061        0.9070261489001663       1.3133450991634266
0.6283185307179586       0.9424777960769379       0.3561262357694522       0.4228573424379694       0.6406459330015521       0.8446024097282023       0.9629027185754909       1.319718979545392
0.6283185307179586       1.0995574287564276       0.3525403935408223       0.434482815509244        0.627513510318981        0.8873072380957645       1.0549171951559801       1.3282935332303136
0.6283185307179586       1.2566370614359172       0.3484175492617617       0.442219564108525        0.614453255002384        0.9139885637502175       1.1623249439995333       1.3411897673944921
0.6283185307179586       1.413716694115407        0.3439173638145311       0.44781135498500135      0.6019961004819876       0.9347998457297513       1.2615544904343172       1.3683806823319997
0.6283185307179586       1.5707963267948966       0.3391641340591747       0.4521465449021399       0.5903626106628685       0.9526211188250995       1.3173420774296665       1.4397433043959897
0.6283185307179586       1.7278759594743862       0.3342809570665053       0.4557003743637021       0.5796616873117302       0.9682887128734499       1.3397955205554024       1.5419460751274405
0.6283185307179586       1.8849555921538759       0.3293970255032704       0.45873746861021425      0.5699502349617969       0.9820746725274477       1.3547175215257505       1.6462031197601357
0.6283185307179586       2.0420352248333655       0.32464754681664054      0.46140630057212306      0.5612587376959386       0.994077867320737        1.3677583963958493       1.7434291832837863
0.6283185307179586       2.199114857512855        0.32017057730260723      0.4637847226901229       0.5536063296498741       1.004346952774068        1.3799512180406297       1.8284152511641505
0.6283185307179586       2.356194490192345        0.3161022446897505       0.4659022664884936       0.5470119610440372       1.0129221391152121       1.3913223772213914       1.896335740190512
0.6283185307179586       2.5132741228718345       0.3125711582664131       0.46775129950734434      0.5415032134872173       1.0198470721237585       1.4015646920567824       1.9432483770518822
0.6283185307179586       2.670353755551324        0.30969259621660294      0.46929401379896407      0.5371219417455626       1.0251685038137417       1.410237095650383        1.9691599312258339
0.6283185307179586       2.827433388230814        0.30756296422143825      0.47047070786355066      0.533924238192028        1.0289313210113904       1.4168682648605668       1.980043538458892
0.6283185307179586       2.9845130209103035       0.30625495591048185      0.4712138360133987       0.5319717739742743       1.0311726503376561       1.421040558880703        1.9834648918732811
0.6283185307179586       3.141592653589793        0.30581378734148074      0.4714686534043474       0.5313145355338501       1.031916895679286        1.4224654719571694       1.9841266920281122
0.7853981633974483       0                        0.030146208641788595     0.4075023159909283       0.5289112701724632       0.8163994377559841       0.8355794648684266       1.3036653303961825
0.7853981633974483       0.15707963267948966      0.11752708059404703      0.4068431767355713       0.5343213956507195       0.806874772229248        0.8462939143610186       1.304245318929331
0.7853981633974483       0.3141592653589793       0.22096538247379358      0.4050720583218416       0.5528714584722587       0.7929014800481213       0.8641051651866496       1.30600395616578
0.7853981633974483       0.47123889803846897      0.30581898592997164      0.403030159999522        0.5911768241473838       0.7805274501340252       0.8841573284031188       1.3090003958855752
0.7853981633974483       0.6283185307179586       0.35877389600763554      0.40389727717728957      0.6519650021401279       0.7738507213048371       0.907024355263132        1.3133478490832842
0.7853981633974483       0.7853981633974483       0.3756458419729772       0.4150068481945385       0.7069887967712873       0.7928767616612118       0.9362719556888909       1.3192495836985525
0.7853981633974483       0.9424777960769379       0.3743509836880624       0.42899357049812836      0.7170717984896929       0.8533325384905456       0.9834542038727782       1.3270993070167751
0.7853981633974483       1.0995574287564276       0.36886514892946753      0.4392826864804321       0.7112822543955071       0.9022561520172422       1.0633161572809864       1.3378023357267261
0.7853981633974483       1.2566370614359172       0.3620683137890889       0.4466755067894579       0.7030117444517218       0.9318504223426267       1.1630322325467721       1.3540301575755829
0.7853981633974483       1.413716694115407        0.35471715019065136      0.45222570214472635      0.6946168910296672       0.9529680300543174       1.2566372321704293       1.3856934363080198
0.7853981633974483       1.5707963267948966       0.3471603436974627       0.45656331190001714      0.6867137710083765       0.9700715562265765       1.3149240534755209       1.4546170870035882
0.7853981633974483       1.7278759594743862       0.33963219832121505      0.4600501554259025       0.6795110868678164       0.9846132270546124       1.3428295187603103       1.5518213614208578
0.7853981633974483       1.8849555921538759       0.3323249282520107       0.4629009607862405       0.6730837994576128       0.997129701696712        1.3612559856104087       1.6529143233680867
0.7853981633974483       2.0420352248333655       0.32541068267854745      0.4652485989843303       0.6674532415215666       1.0078574558029019       1.3768333295650796       1.7472854716250974
0.7853981633974483       2.199114857512855        0.3190482509112167       0.46717838673157974      0.6626170984266454       1.0169276903967732       1.3910864154093663       1.8285024502857181
0.7853981633974483       2.356194490192345        0.3133839607191837       0.4687466734950769       0.6585627848235629       1.0244337818905762       1.4042110442344804       1.8908835417209684
0.7853981633974483       2.5132741228718345       0.3085499833326863       0.4699913375085544       0.6552741875694394       1.0304539431010389       1.4159463596361095       1.9309597496539104
0.7853981633974483       2.670353755551324        0.3046613835829063       0.4709379590669051       0.6527353283448813       1.0350566561523962       1.4258433759285096       1.9511172537944674
0.7853981633974483       2.827433388230814        0.301812653079814        0.4716035736760668       0.6509324217159614       1.0382996345967344       1.4333965536623707       1.958771777629538
0.7853981633974483       2.9845130209103035       0.3000742818739539       0.4719989902651786       0.6498550308611151       1.0402269328683258       1.4381455615691507       1.9608237753540327
0.7853981633974483       3.141592653589793        0.29948986275169415      0.4721301929123977       0.6494966934221461       1.040866197668488        1.4397670805950054       1.9611230127465737
0.9424777960769379       0                        0.03664457462424375      0.4296771189540251       0.5101495498901558       0.8544379148241128       0.9261986898580753       1.3075990398659147
0.9424777960769379       0.15707963267948966      0.11974372657254799      0.4285504035638873       0.5158156522762716       0.8530003109993984       0.9289050883363313       1.3083262918430534
0.9424777960769379       0.3141592653589793       0.22241472250686609      0.4257380379755805       0.5350656366532306       0.8494810013877104       0.9364455945103387       1.3105306526866338
0.9424777960769379       0.47123889803846897      0.3058141366704054       0.4228313004830963       0.5750155769646266       0.8457285568110269       0.9478434658841736       1.3142841972829544
0.9424777960769379       0.6283185307179586       0.3561324453465233       0.42284428604656754      0.640654044561743        0.8446053798748987       0.9628961738702808       1.3197252383472295
0.9424777960769379       0.7853981633974483       0.3743548018062532       0.4289869231204477       0.7170750238006756       0.8533346621707906       0.9834503262425598       1.3271028123533548
0.9424777960769379       0.9424777960769379       0.3751163868658152       0.4379493379073914       0.7677270962018949       0.8881740045910658       1.0170260046849329       1.3368975710212398
0.9424777960769379       1.0995574287564276       0.3697803588858137       0.44567148872484835      0.7824315656319571       0.9343330665621491       1.0793625506691598       1.350186488677847
0.9424777960769379       1.2566370614359172       0.36230643502249027      0.4516691806917255       0.7840465039395793       0.9641205982346991       1.167997461927799        1.3699000547946223
0.9424777960769379       1.413716694115407        0.35399432687564303      0.4563342612306095       0.7821219082745232       0.983167242118983        1.2560284900189003       1.4050070090021418
0.9424777960769379       1.5707963267948966       0.34540895287867757      0.4600260602599837       0.7791835220419211       0.9974120259074596       1.3166127647034165       1.4715762399376495
0.9424777960769379       1.7278759594743862       0.33687871602451935      0.462990855722409        0.776054110792424        1.0089867966473187       1.3500514951969067       1.5638616901504243
0.9424777960769379       1.8849555921538759       0.3286402543024793       0.4653930073720502       0.7730564009472464       1.01868396570695         1.372604955111278        1.6613503776872058
0.9424777960769379       2.0420352248333655       0.32088760444721753      0.467344487644398        0.770330519621804        1.0268518764614916       1.3913208390415381       1.7522839449985592
0.9424777960769379       2.199114857512855        0.3137904258355691       0.4689236816974203       0.7679391873870414       1.0336765370098753       1.4081638335396314       1.828924857141801
0.9424777960769379       2.356194490192345        0.30750038681469005      0.47018668193586627      0.7659092414185177       1.0392779698092935       1.4235075884356805       1.8849302883242491
0.9424777960769379       2.5132741228718345       0.30215229543776         0.4711741142163719       0.764250254633646        1.0437448727124645       1.437144078685056        1.9180225078566655
0.9424777960769379       2.670353755551324        0.2978626252463744       0.47191535171196186      0.7629636785733515       1.0471467576710798       1.4486129400672696       1.9329109546731378
0.9424777960769379       2.827433388230814        0.2947267596981687       0.47243116545255387      0.7620476164584754       1.0495375793987942       1.4573603138441242       1.937611521842359
0.9424777960769379       2.9845130209103035       0.2928158287253645       0.472735397649034        0.7614994000906586       1.0509562991259185       1.4628623318799647       1.9382871282624015
0.9424777960769379       3.141592653589793        0.2921738437753763       0.47283598559769985      0.7613169768660885       1.0514265548288528       1.4647417804230782       1.9381885953208364
1.0995574287564276       0                        0.0433647981635122       0.44283357919065897      0.49093664558458117      0.8735244526079738       1.0442701655908269       1.3123288923001388
1.0995574287564276       0.15707963267948966      0.12243674433114175      0.4410384920340288       0.49711004596000874      0.874135765513752        1.0448490334546185       1.3132999233242073
1.0995574287564276       0.3141592653589793       0.22421641623841063      0.43719391596441676      0.5172362174881044       0.8761120176241741       1.046635052532025        1.3162326716469408
1.0995574287564276       0.47123889803846897      0.30582759044022656      0.4340752139431081       0.5585934407063466       0.8800027574032071       1.0498186138430738       1.3211915542222237
1.0995574287564276       0.6283185307179586       0.35254647723567994      0.4344681630880731       0.6275203836622215       0.8873132836705276       1.054908605524002        1.3283041131917246
1.0995574287564276       0.7853981633974483       0.36886998388164327      0.4392730588948343       0.7112854948009274       0.9022610360083447       1.0633096554251673       1.337810105589797
1.0995574287564276       0.9424777960769379       0.36978237775312606      0.44566738698903735      0.782432558477979        0.9343360029914127       1.0793589754013482       1.350190707602563
1.0995574287564276       1.0995574287564276       0.36464768017353705      0.45140880204573536      0.8213194381262483       0.9814676877934709       1.1157048395806504       1.3665332017345626
1.0995574287564276       1.2566370614359172       0.3571002627047692       0.45608469549520964      0.838307426586375        1.0144157997733734       1.1842975192712077       1.3896456957601042
1.0995574287564276       1.413716694115407        0.3485410247036051       0.4598402023145457       0.8467053916019499       1.030478015768613        1.2643628770152342       1.4270623170268437
1.0995574287564276       1.5707963267948966       0.3396247397678759       0.4628706020690334       0.8516339072734258       1.0394474123092186       1.326508144666564        1.4909611027039489
1.0995574287564276       1.7278759594743862       0.33073295401505853      0.46533118630224923      0.8548931383735031       1.0454537126040366       1.3652469439143282       1.5782943824422442
1.0995574287564276       1.8849555921538759       0.32213282253553926      0.4673359757488844       0.857214363143492        1.0499337154658626       1.3922500568246308       1.6717822904316624
1.0995574287564276       2.0420352248333655       0.3140364907481056       0.46896820791463373      0.8589408010135807       1.053458045526872        1.4144886859359276       1.7587194773206491
1.0995574287564276       2.199114857512855        0.3066249898070251       0.4702892441616454       0.8602534207197517       1.056287905441416        1.4342842181083475       1.830009383849043
1.0995574287564276       2.356194490192345        0.30005769256613507      0.47134472721540854      0.8612567367672651       1.058558180982698        1.452191143404374        1.8789610726056578
1.0995574287564276       2.5132741228718345       0.29447508568807873      0.47216867428477727      0.8620153562842058       1.060345842828197        1.4680621887326026       1.9050568208155252
1.0995574287564276       2.670353755551324        0.28999811011479604      0.4727861965063003       0.862570998032704        1.061698224322868        1.4814195133287804       1.9149587822305447
1.0995574287564276       2.827433388230814        0.28672571932376184      0.47321531341654083      0.8629509689596787       1.0626455876067604       1.4916352349607571       1.9167524894455135
1.0995574287564276       2.9845130209103035       0.28473173665961793      0.47346815307819556      0.8631725797323687       1.0632069792135794       1.4980813713955567       1.9159487059085416
1.0995574287564276       3.141592653589793        0.28406187548984496      0.47355171238149557      0.8632454684161435       1.0633930077628984       1.5002878340010706       1.9153946380556832
1.2566370614359172       0                        0.050315355447550586     0.45108266979170003      0.4716431301237207       0.8923660119386017       1.1657284150516714       1.3178711970425099
1.2566370614359172       0.15707963267948966      0.12562774786117578      0.44781948239726327      0.47915260070664306      0.8935042402745571       1.1653691840234035       1.3193705928952253
1.2566370614359172       0.3141592653589793       0.22641197557600667      0.4430221738001709       0.5002174988789034       0.8970433354839816       1.1644038518001527       1.3238257590292162
1.2566370614359172       0.47123889803846897      0.3058841040130431       0.44064234865470486      0.5425361363267586       0.9034582766183794       1.1631745168332444       1.3311355282330184
1.2566370614359172       0.6283185307179586       0.34842339358630264      0.4422040013366659       0.6144589225566024       0.9139945076251569       1.1623164722832022       1.3412052916820583
1.2566370614359172       0.7853981633974483       0.36207334402956154      0.446664183449563        0.7030146921208218       0.9318550154064987       1.163025847422032        1.3540426119869562
1.2566370614359172       0.9424777960769379       0.36230936379141104      0.4516624797863636       0.7840480144915383       0.9641233558871409       1.167993486517278        1.369908834821859
1.2566370614359172       1.0995574287564276       0.35710144437569474      0.4560817582994592       0.8383082540545967       1.0144164794910242       1.1842960468488555       1.3896502859436213
1.2566370614359172       1.2566370614359172       0.3495468738277473       0.4597558587426569       0.8680300499126175       1.060545807624537        1.225729874263808        1.4155903011783801
1.2566370614359172       1.413716694115407        0.3409422153297782       0.4627743235236335       0.8858430294327742       1.0829415144095804       1.290769482150672        1.45369950443027
1.2566370614359172       1.5707963267948966       0.33193776815617376      0.46525444495100116      0.8985650829893551       1.0904080928968263       1.3516421087056354       1.513843478751909
1.2566370614359172       1.7278759594743862       0.3229276553616778       0.46729529938203096      0.9087899955305392       1.0918775670679617       1.3943760316351703       1.5957395880233007
1.2566370614359172       1.8849555921538759       0.3141918443455713       0.46897415878022203      0.9175195594363355       1.0908790975572025       1.4252745438241157       1.6847562212289626
1.2566370614359172       2.0420352248333655       0.30595296498192875      0.47035040335581         0.9251567115859343       1.0888104711146531       1.4507426852269705       1.7671534124559152
1.2566370614359172       2.199114857512855        0.2984004886579085       0.47146965241248256      0.9318538659110058       1.0863231311806008       1.4733451519350076       1.8323742106144778
1.2566370614359172       2.356194490192345        0.29170081613599436      0.47236695045924         0.9376466887560589       1.083777675089176        1.4938028601932332       1.87373963544842
1.2566370614359172       2.5132741228718345       0.2860004975829731       0.4730690664974446       0.9425117778932723       1.0814076206270604       1.5120265850817207       1.8928356956635253
1.2566370614359172       2.670353755551324        0.28142575825716326      0.4735961279726899       0.9463957651401261       1.0793835356909718       1.5274987898841097       1.8977903470647595
1.2566370614359172       2.827433388230814        0.2780800159835188       0.47396277269111003      0.9492340067520437       1.077837268411637        1.5394585962365404       1.8964843434025807
1.2566370614359172       2.9845130209103035       0.2760405490903296       0.4741789445084286       0.9509659072974073       1.0768676088647262       1.547079726670045        1.8939499379775506
1.2566370614359172       3.141592653589793        0.27535527558212997      0.4742504138135191       0.951548398293024        1.0765372991609947       1.5497038484592174       1.892831502484547
1.413716694115407        0                        0.057490927462080246     0.4525439695289442       0.4565383182509262       0.9105869781795779       1.2875850066652883       1.324222691138783
1.413716694115407        0.15707963267948966      0.12933052587673885      0.4474829896791382       0.46571684905951183      0.9119197859068852       1.284127310404124        1.328709079887916
1.413716694115407        0.3141592653589793       0.22904625183775404      0.44408279658390637      0.4854458034101867       0.9160267106432409       1.2767163348250958       1.3392776317885173
1.413716694115407        0.47123889803846897      0.30600321858908425      0.4443836009868352       0.5272673429505761       0.9233143039169212       1.2686672859957366       1.3528564755530958
1.413716694115407        0.6283185307179586       0.34392292217178383      0.4477952362056626       0.6020006887566806       0.9348047930730247       1.2615497101741806       1.3683981488489163
1.413716694115407        0.7853981633974483       0.35472208049517534      0.4522132253685336       0.6946195614861341       0.9529712775489803       1.2566345519188193       1.3857079617052646
1.413716694115407        0.9424777960769379       0.3539976230062713       0.45632572577123454      0.7821238684033445       0.9831683017804657       1.256027587400706        1.4050185053178892
1.413716694115407        1.0995574287564276       0.34854284953708126      0.4598350606194851       0.8467071743978719       1.0304769891609307       1.2643633194450936       1.4270705255681966
1.413716694115407        1.2566370614359172       0.34094295298681565      0.4627719929006703       0.8858441577600955       1.082940025108798        1.2907702980912934       1.4537039580458313
1.413716694115407        1.413716694115407        0.33233361522418886      0.46522233951729686      0.9103721901999665       1.117392151743272        1.340670182831976        1.4894848239367584
1.413716694115407        1.5707963267948966       0.3233183329438104       0.4672663385044834       0.9284020281534061       1.1312705271292733       1.3975870880455974       1.5430850786133337
1.413716694115407        1.7278759594743862       0.3142799866508611       0.4689698459657759       0.943416136189464        1.1340234327393184       1.442449925818391        1.6177915873672577
1.413716694115407        1.8849555921538759       0.30549870251585204      0.4703855386295467       0.9568116300940497       1.131671486568504        1.4757828544088198       1.7014641079694344
1.413716694115407        2.0420352248333655       0.2972010116766284       0.4715553677548039       0.9691615264508695       1.1268751607637333       1.5033321658247865       1.7787525466031187
1.413716694115407        2.199114857512855        0.2895815269734689       0.47251267644909795      0.9806821604985967       1.1208586284780993       1.5279327502461975       1.8372990396190283
1.413716694115407        2.356194490192345        0.2828121790996321       0.47328382806787156      0.9914033241055626       1.1142823787290554       1.5504858919356719       1.8706972968190825
1.413716694115407        2.5132741228718345       0.27704507273972934      0.47388943338050304      1.0012192601039402       1.1076046181112542       1.5709665719399195       1.8827027475669198
1.413716694115407        2.670353755551324        0.27241173072306835      0.4743452716132265       1.009877328355637        1.1012661876012277       1.58879192549586         1.8824070723077235
1.413716694115407        2.827433388230814        0.26902028487166796      0.4746629745670075       1.016927264900423        1.0958202764047826       1.6029609713189488       1.8774032839762025
1.413716694115407        2.9845130209103035       0.26695176870351295      0.4748505203335732       1.0216865244779465       1.0920052566911025       1.6122256301922575       1.8725439056691457
1.413716694115407        3.141592653589793        0.2662565331261118       0.4749125671410587       1.0233940057190913       1.0906098946225231       1.615466843705711        1.8706125646067042
1.5707963267948966       0                        0.06486938858955252      0.43385890948264655      0.46030866862136594      0.9278793889211046       1.3313487023297303       1.4076671694135345
1.5707963267948966       0.15707963267948966      0.1335465309069509       0.4349245811720085       0.4632117671286016       0.9292798425707525       1.3299401364654284       1.4100920001432478
1.5707963267948966       0.3141592653589793       0.2321661496232021       0.4391432397775903       0.4753943642329268       0.9335705989517418       1.326288775891774        1.416871346200655
1.5707963267948966       0.47123889803846897      0.3062019589624139       0.4461256234939648       0.5131841637160395       0.9410826075813559       1.3216418151656568       1.4270241390946066
1.5707963267948966       0.6283185307179586       0.3391693840336256       0.45213005687253005      0.5903662630063491       0.9526246334528417       1.317354097613459        1.439749666588131
1.5707963267948966       0.7853981633974483       0.3471650449523491       0.45654995461722403      0.6867162241949768       0.9700730659873167       1.314933983920543        1.4546249977080181
1.5707963267948966       0.9424777960769379       0.34541233137580024      0.460016122207971        0.7791858908399355       0.9974109916395618       1.316621064599029        1.4715847568044336
1.5707963267948966       1.0995574287564276       0.3396268736936303       0.4628637307178193       0.8516366772359226       1.0394440357617247       1.326514770795786        1.4909694047716915
1.5707963267948966       1.2566370614359172       0.33193892883929943      0.4652502260216098       0.8985674933492621       1.0904043343546421       1.3516463612910365       1.5138506829339882
1.5707963267948966       1.413716694115407        0.32331879618082615      0.4672643942771936       0.928403324564819        1.1312684775333526       1.3975884387192203       1.5430898566024909
1.5707963267948966       1.5707963267948966       0.31430896501120453      0.4689661985833144       0.9501107895690049       1.153183126475594        1.455207487832497        1.5855091391235332
1.5707963267948966       1.7278759594743862       0.3052699569428065       0.4704010006972063       0.9680903394706284       1.161241016963862        1.504626748561743        1.6485452337138504
1.5707963267948966       1.8849555921538759       0.29647488837908276      0.4716050663673509       0.9841887897330893       1.1616661059093085       1.5406786176237262       1.7246929461053009
1.5707963267948966       2.0420352248333655       0.28814987434303735      0.4726079988833418       0.9991972607125496       1.1579688561512045       1.5695544298347572       1.7961472326557506
1.5707963267948966       2.199114857512855        0.2804921961400828       0.47343402864118844      1.0134630714621036       1.1518989410925207       1.5953023141502807       1.8477082532300861
1.5707963267948966       2.356194490192345        0.2736780032355968       0.47410283841098544      1.0271280557033573       1.1443631982187683       1.6193926981501454       1.873079550177853
1.5707963267948966       2.5132741228718345       0.2678643677296443       0.4746301680656578       1.0402187509009617       1.1358837385141851       1.6420858062466277       1.877868677111614
1.5707963267948966       2.670353755551324        0.2631879597701323       0.47502828650998746      1.0526578161970872       1.1268359019697438       1.6629041820207373       1.8715430946700766
1.5707963267948966       2.827433388230814        0.2597617111673131       0.47530636262851167      1.0641702979502017       1.1176598066807166       1.6806206377348551       1.8613247628189469
1.5707963267948966       2.9845130209103035       0.2576705840359388       0.4754707474143622       1.073822187257514        1.1093799936861393       1.69310298055706         1.8524247438999784
1.5707963267948966       3.141592653589793        0.25696751310999955      0.47552517266789934      1.0783149759781898       1.1053401685714406       1.6977110417162706       1.8488784523924127
1.7278759594743862       0                        0.07240789017362291      0.41577953455450506      0.46300496327581114      0.9439886802430202       1.339169800708185        1.5240149836820898
1.7278759594743862       0.15707963267948966      0.13825960243522048      0.4181274872325423       0.464435045160727        0.9453949609046778       1.339060442184393        1.5251585817140745
1.7278759594743862       0.3141592653589793       0.235818984494775        0.4280377413240858       0.4709455324199836       0.9496833872683187       1.3388455617931165       1.5285653968949153
1.7278759594743862       0.47123889803846897      0.30649408097375225      0.4461296350503715       0.5007439729385004       0.9571101411698202       1.3388763990676984       1.5341815465944086
1.7278759594743862       0.6283185307179586       0.33428588931868075      0.45568361190347484      0.5796645496650054       0.9682904883649286       1.3398203154445227       1.5419450863311805
1.7278759594743862       0.7853981633974483       0.33963660883823965      0.46003607693893545      0.6795133841629641       0.984612776987077        1.342851285893164        1.551823276961604
1.7278759594743862       0.9424777960769379       0.33688201621039243      0.4629797926188503       0.7760568459770024       1.0089835546156243       1.3500700708413391       1.5638661275255545
1.7278759594743862       1.0995574287564276       0.33073518597507884      0.46532291832490263      0.8548968534695538       1.0454479005601132       1.3652617673097256       1.5783008830248402
1.7278759594743862       1.2566370614359172       0.32292902085445363      0.4672895289553687       0.9087937563439957       1.0918714405331342       1.394385933138444        1.5957475680972137
1.7278759594743862       1.413716694115407        0.3142807080403396       0.4689662739225229       0.9434187820620401       1.1340194894037696       1.4424539457659236       1.6178000819252931
1.7278759594743862       1.5707963267948966       0.3052702345604244       0.47039934482227946      0.9680915881788409       1.1612395686094015       1.5046263658396781       1.648551951766755
1.7278759594743862       1.7278759594743862       0.2962318802683332       0.47162042862815057      0.988136636290582        1.1747318312747619       1.5636512280664507       1.6957933998780663
1.7278759594743862       1.8849555921538759       0.2874283749055159       0.47265452022488263      1.005885566140301        1.1793539116948726       1.6066167269815845       1.7603633935713259
1.7278759594743862       2.0420352248333655       0.27908301511858563      0.4735224440445217       1.022343645561053        1.1786532370978253       1.637878856937204        1.8250959833162526
1.7278759594743862       2.199114857512855        0.27139420712875073      0.4742417428292655       1.0379572492003997       1.1746439038751664       1.6642753779716286       1.8704313943344373
1.7278759594743862       2.356194490192345        0.26454142852958945      0.47482706356693544      1.0529249273605417       1.168434385006622        1.6888995822566812       1.8891364899327858
1.7278759594743862       2.5132741228718345       0.25868629756734607      0.4752903942775287       1.067328566964491        1.1606534100558046       1.7129034058243862       1.8879347361429315
1.7278759594743862       2.670353755551324        0.2539705287709881       0.4756412540242468       1.081192061726961        1.1516737277974844       1.7366331400886048       1.8757865490057746
1.7278759594743862       2.827433388230814        0.25051194024023055      0.47588685772481154      1.0945078200919678       1.141727387963611        1.7599270757388816       1.8583183076252845
1.7278759594743862       2.9845130209103035       0.24839958422460012      0.47603225381022746      1.1072422800335868       1.1309729641184707       1.7815994120065415       1.8393675033000414
1.7278759594743862       3.141592653589793        0.24768912043910535      0.47608042813936374      1.1184341623835699       1.1204348476199653       1.7939612233622795       1.8278017182886077
1.8849555921538759       0                        0.0800376932520933       0.39848893227510485      0.46498283026827664      0.9587082701372152       1.3475484567330749       1.63455503652154
1.8849555921538759       0.15707963267948966      0.14342948291849061      0.401150460371308        0.46584480800792055      0.9600868885624967       1.3478659425377708       1.6352750522977855
1.8849555921538759       0.3141592653589793       0.24005043835156128      0.4136997344020708       0.46960946983903834      0.9642732545850323       1.348914524742856        1.6374384143353597
1.8849555921538759       0.47123889803846897      0.3068881074945529       0.44432216294155624      0.49048305427922684      0.9714538769586962       1.3510036225781608       1.6410654725506066
1.8849555921538759       0.6283185307179586       0.329401640613437        0.45872047235457464      0.5699524523408539       0.982074501072879        1.3547514434040908       1.6461977119367939
1.8849555921538759       0.7853981633974483       0.3323290210698483       0.4628862685782355       0.6730859931228417       0.9971271704421887       1.3612869298817751       1.6529123250204636
1.8849555921538759       0.9424777960769379       0.32864338411626337      0.46538101900257883      0.7730594576374106       1.0186785137540753       1.3726323129936955       1.6613517986916513
1.8849555921538759       1.0995574287564276       0.3221350188197886       0.46732656297514624      0.8572189419854686       1.0499255467643178       1.3922727151543266       1.6717870995545383
1.8849555921538759       1.2566370614359172       0.3141932658029457       0.4689671054146105       0.9175247001209071       1.0908706271912378       1.4252907223980824       1.6847643214413761
1.8849555921538759       1.413716694115407        0.3054995337410155       0.470380604159117        0.9568156668018025       1.131665767391031        1.4757908909211455       1.7014751923097595
1.8849555921538759       1.5707963267948966       0.29647530300080693      0.4716020077790293       0.9841911979709193       1.1616636750904201       1.540678856232894        1.7247058282007475
1.8849555921538759       1.7278759594743862       0.2874285219851762       0.47265310225877927      1.0058865648892548       1.179353434963852        1.6066132890074682       1.7603738164002836
1.8849555921538759       1.8849555921538759       0.2786104577568897       0.47355083909175         1.0247800826660611       1.1879621293371219       1.657712942235888        1.8135125620083528
1.8849555921538759       2.0420352248333655       0.27024050419959667      0.47430970141122863      1.0421112579726723       1.1906178595406773       1.6919688035116243       1.8729738030264609
1.8849555921538759       2.199114857512855        0.26251737257678137      0.47494231001032194      1.0584177044481753       1.1893471539664924       1.7171906689965284       1.9163783898621845
1.8849555921538759       2.356194490192345        0.2556233559777882       0.47545953557755144      1.0739255388458266       1.1853559759892291       1.7384998873494653       1.9341169066443273
1.8849555921538759       2.5132741228718345       0.24972438138382258      0.47587050580387785      1.0887112334152318       1.1793691903929866       1.757865679156034        1.9339471595371405
1.8849555921538759       2.670353755551324        0.2449671854058847       0.47618261459524047      1.1027667434784243       1.17184908412723         1.775703968099483        1.9253373353900483
1.8849555921538759       2.827433388230814        0.2414745893375119       0.47640155063525297      1.1160021963489482       1.1631443583539909       1.7913901865662518       1.91408004858448
1.8849555921538759       2.9845130209103035       0.23933990671489938      0.47653133698180605      1.1280681605344496       1.1537488119615953       1.8030609724446252       1.9043960633027417
1.8849555921538759       3.141592653589793        0.23862166581760494      0.4765743693007316       1.1355750950383738       1.1471247810392013       1.8075916650386776       1.9004321001389195
2.0420352248333655       0                        0.08765744820691393      0.382177700584086        0.4664592138809985       0.9718779771189262       1.3562781540442883       1.7369532484897547
2.0420352248333655       0.15707963267948966      0.14898339188123919      0.3847917686881701       0.4670284120251101       0.9732108097519842       1.35685809213031         1.7373457195217645
2.0420352248333655       0.3141592653589793       0.244901907428118        0.3984196075947627       0.46938953919541504      0.9772423459815353       1.358699635441959        1.7385295751211756
2.0420352248333655       0.47123889803846897      0.30738457683624354      0.4405898167945542       0.4828418322692771       0.9840968406476999       1.3621306388157117       1.7405349946200808
2.0420352248333655       0.6283185307179586       0.3246518547391453       0.461389077623099        0.5612604523371151       0.994075646923414        1.3678005328499838       1.7434190949766712
2.0420352248333655       0.7853981633974483       0.3254144531594506       0.4652333764262169       0.6674553713375818       1.007852818293746        1.3768725691349208       1.747279471970377
2.0420352248333655       0.9424777960769379       0.32089051503813         0.467331731290579        0.7703338507091684       1.0268442912248281       1.3913562988195862       1.7522822749310594
2.0420352248333655       1.0995574287564276       0.3140385698428691       0.468957852542542        0.8589461418563485       1.0534476730973226       1.4145188596573868       1.7587224043612635
2.0420352248333655       1.2566370614359172       0.3059543445700523       0.4703422895669593       0.9251632389898243       1.088799704198806        1.4507653200895012       1.767161244083967
2.0420352248333655       1.413716694115407        0.2972018498831544       0.47154929834010756      0.9691670295292198       1.1268676477902175       1.5033449976170334       1.7787655889575835
2.0420352248333655       1.5707963267948966       0.2881503243976057       0.47260376171987056      0.99920076376806         1.1579656262977558       1.569556737826783        1.7961653853533155
2.0420352248333655       1.7278759594743862       0.2790832119660338       0.4735198249904509       1.0223453833135525       1.1786528527414226       1.6378731365011818       1.8251167252028122
2.0420352248333655       1.8849555921538759       0.2702405592664324       0.4743084916789881       1.0421118079347023       1.190618420123895        1.6919626876419533       1.8729887178479432
2.0420352248333655       2.0420352248333655       0.26183759980688537      0.4749795808613045       1.060014245212214        1.1964012692552957       1.725637413614705        1.9341700058175355
2.0420352248333655       2.199114857512855        0.25407301336933635      0.4755420645165516       1.0766927456617004       1.1978945452844052       1.7460776799612443       1.9851482351034406
2.0420352248333655       2.356194490192345        0.24713165499141518      0.4760039805190306       1.0924010197357816       1.1963125038017155       1.7599710193743232       2.010470760066446
2.0420352248333655       2.5132741228718345       0.24118364297948527      0.4763722850190836       1.1072056173577436       1.192422974381158        1.770302812513258        2.0179133664184037
2.0420352248333655       2.670353755551324        0.23638075360598984      0.4766527413348734       1.1210586025485434       1.1867463784766221       1.7781623327815714       2.018051551410487
2.0420352248333655       2.827433388230814        0.23285092801023854      0.47684985694705917      1.1337749529288712       1.1797332450386244       1.7838438950881972       2.0160289578583352
2.0420352248333655       2.9845130209103035       0.23069189764918518      0.47696685617731066      1.1447153075707808       1.1721677930662648       1.7873237780519784       2.0141308589663507
2.0420352248333655       3.141592653589793        0.2299651893347753       0.47700567296409996      1.1504131656560423       1.1675878974238718       1.788498922438713        2.0133969719658573
2.199114857512855        0                        0.09512489233472038      0.3670583629636138       0.46757176259047833      0.9833826508659081       1.3650779705651108       1.8286713188999661
2.199114857512855        0.15707963267948966      0.15480466040965354      0.3694011026167763       0.46796636614490805      0.9846613957541948       1.3658595754821308       1.8286417879448431
2.199114857512855        0.3141592653589793       0.2504067012823445       0.3831673422192512       0.46952455026733775      0.9885153366966217       1.368314767555638        1.8285598548288178
2.199114857512855        0.47123889803846897      0.30797273447485296      0.4352233701582688       0.4777824751041197       0.9950151664583449       1.3727980116647414       1.8284582809827972
2.199114857512855        0.6283185307179586       0.32017459764291045      0.46376725983340666      0.5536076784611879       1.0043426921375256       1.3800012047216186       1.8283996810972083
2.199114857512855        0.7853981633974483       0.3190517114080896       0.46716270651900416      0.6626191907710357       1.016921015946124        1.391133586407073        1.8284920201103696
2.199114857512855        0.9424777960769379       0.31379309864837707      0.4689102895790167       0.7679427438697238       1.033666961207827        1.4082071124380617       1.8289199052699339
2.199114857512855        1.0995574287564276       0.306626907757678        0.4702781160415795       0.8602594118144712       1.0562755263693          1.434321814313635        1.830010298823951
2.199114857512855        1.2566370614359172       0.29840176722109446      0.4714606682669247       0.9318617653487843       1.0863101311874275       1.4733744597733378       1.8323815019555318
2.199114857512855        1.413716694115407        0.28958230580438044      0.4725056707767973       0.9806892699833166       1.120849181240615        1.5279509906291133       1.8373134347183608
2.199114857512855        1.5707963267948966       0.28049261316988366      0.47342881319738306      1.0134676689554394       1.1518948851159776       1.595307737416682        1.8477306087847787
2.199114857512855        1.7278759594743862       0.27139438606099525      0.4742381206878737       1.0379594798831244       1.1746438902096026       1.6642688143862134       1.8704609745667133
2.199114857512855        1.8849555921538759       0.2625174172109844       0.4749400843246705       1.0584183325592829       1.1893489388918106       1.7171795937525167       1.9164074685016943
2.199114857512855        2.0420352248333655       0.2540730056350814       0.4755410436220327       1.0766926212519596       1.1978961819776763       1.74607135819247         1.9851656376733897
2.199114857512855        2.199114857512855        0.24625974601269968      0.47604724904757983      1.0935436355096164       1.201970625797182        1.7594371871758216       2.054553702771339
2.199114857512855        2.356194490192345        0.2392649353471686       0.4764646123604489       1.1092589471983578       1.2027398217489593       1.7656390912878446       2.0981098761504113
2.199114857512855        2.5132741228718345       0.2332627965737178       0.476798446631587        1.1239023323662896       1.200970734583567        1.7685758526805317       2.1163893641799625
2.199114857512855        2.670353755551324        0.22841013074017952      0.4770532716195369       1.1374052371368009       1.1971941378852449       1.7699414740833679       2.124011437274892
2.199114857512855        2.827433388230814        0.2248400532873442       0.47723268784654566      1.149547442062917        1.1918798316578683       1.7705358730925131       2.127561794428575
2.199114857512855        2.9845130209103035       0.2226548055061392       0.47733930312382356      1.1596374303873391       1.1858476978690493       1.770762825132182        2.1292056730777604
2.199114857512855        3.141592653589793        0.22191899564117534      0.47737469374154967      1.1645699191789833       1.182262273847281        1.7708181510241305       2.1296918204616824
2.356194490192345        0                        0.10224774399329889      0.3533786010847733       0.46841053054442144      0.9931487372266778       1.3735959140555993       1.907295096899139
2.356194490192345        0.15707963267948966      0.16071751188486938      0.35526994633163417      0.46869258506915784      0.994372077337375        1.3745455166825857       1.9065596049654499
2.356194490192345        0.3141592653589793       0.25658365056399957      0.3683676320987728       0.4697523862249023       0.9980469113212622       1.3775133739357373       1.904390697505796
2.356194490192345        0.47123889803846897      0.308627136232005        0.4290280110137712       0.4747121942617593       1.0041995852998737       1.3828803525158684       1.9009108069202054
2.356194490192345        0.6283185307179586       0.3161060070009768       0.4658845412147228       0.5470130710577253       1.0129159532878371       1.391379850303698        1.8963154085772647
2.356194490192345        0.7853981633974483       0.31338713780674365      0.4687306044529131       0.65856485296366         1.0244252256328452       1.4042658172371303       1.8908698835016797
2.356194490192345        0.9424777960769379       0.30750282618428343      0.470172770481899        0.7659129727253396       1.0392666005107094       1.4235584541816162       1.8849233151120095
2.356194490192345        1.0995574287564276       0.3000594337787143       0.47133297398205176      0.8612632622048287       1.0585440212648087       1.4522361215265516       1.878960845724881
2.356194490192345        1.2566370614359172       0.2917019646104227       0.4723572623789459       0.937655915817578        1.0837625332629666       1.4938391021306139       1.8737464616411665
2.356194490192345        1.413716694115407        0.2828128616985255       0.47327606263090954      0.9914122709606504       1.1142707381497607       1.5505101832813422       1.870712027654836
2.356194490192345        1.5707963267948966       0.2736783466077051       0.47409682552194393      1.0271338630471605       1.1443581035146018       1.6194022018561067       1.8731039314030384
2.356194490192345        1.7278759594743862       0.2645415476817666       0.47482261995803504      1.0529274295784508       1.1684348462239977       1.6888930847861476       1.8891718796902284
2.356194490192345        1.8849555921538759       0.2556233485486524       0.47545647428007665      1.073925724240472        1.1853594495055937       1.738485046083958        1.9341559410524756
2.356194490192345        2.0420352248333655       0.24713159886669098      0.4760021167260762       1.0924000105774325       1.1963166052112644       1.7599601393675346       2.0105005547319466
2.356194490192345        2.199114857512855        0.23926488821006217      0.47646376669905754      1.1092578533341375       1.2027426489235806       1.7656344129536885       2.0981258540115064
2.356194490192345        2.356194490192345        0.2322128599546842       0.4768457459248622       1.12482526863426         1.2057304517061427       1.765193979450943        2.1715471232071435
2.356194490192345        2.5132741228718345       0.22615369467928295      0.47715213251109806      1.1391664252166698       1.2060220465307026       1.7626447998705637       2.2109264300977194
2.356194490192345        2.670353755551324        0.22124908736531385      0.4773865062684353       1.1522048325602436       1.2041274617975941       1.7596849552196185       2.2290967312424463
2.356194490192345        2.827433388230814        0.2176372427443251       0.4775517786718858       1.163726179134396        1.200478246303884        1.7571449237686128       2.239176310317676
2.356194490192345        2.9845130209103035       0.21542487370009797      0.4776500872286324       1.1731126893707018       1.1957904367233902       1.7554696712473838       2.2447365380835342
2.356194490192345        3.141592653589793        0.21467966109781894      0.47768273463177         1.1776356614323111       1.192830684414676        1.7548872469849155       2.2465518884874593
2.5132741228718345       0                        0.10877641865501307      0.34143138415435487      0.4690356834570203       1.0011379199311945       1.381423959923767        1.9710826685597942
2.5132741228718345       0.15707963267948966      0.1664684113198553       0.34272272283961497      0.4692424406869721       1.0023097545986244       1.382515122935884        1.969001182010076
2.5132741228718345       0.3141592653589793       0.26342396192633155      0.3542623554605598       0.46997842400212897      1.005819725049438        1.385915507640982        1.9631007043994964
2.5132741228718345       0.47123889803846897      0.30930517777480415      0.4229111333439453       0.47291372156558326      1.011658999884579        1.392029881723278        1.9542066557235287
2.5132741228718345       0.6283185307179586       0.3125747019545876       0.46773329216105985      0.5415041940746164       1.0198391698366842       1.4016291052214989       1.94322757354304
2.5132741228718345       0.7853981633974483       0.3085529158841045       0.46997494802996376      0.6552762327368944       1.0304437320563924       1.4160082521704185       1.9309465563796488
2.5132741228718345       0.9424777960769379       0.3021545237233483       0.4711597893697245       0.7642541089777602       1.0437319491077568       1.437202176408382        1.9180159686798888
2.5132741228718345       1.0995574287564276       0.2944766566041136       0.4721564277746106       0.8620222992826367       1.0603301476331257       1.468114419516479        1.9050564132623278
2.5132741228718345       1.2566370614359172       0.28600151065930773      0.4730588233605292       0.9425222442068909       1.0813904734911912       1.5120699832672293       1.892841512511769
2.5132741228718345       1.413716694115407        0.27704564614069527      0.4738810675238731       1.0012303833354281       1.107590406137089        1.5709976190354495       1.8827158698980393
2.5132741228718345       1.5707963267948966       0.2678646199818688       0.4746235228991805       1.0402260948310813       1.1358771512007702       1.6421005474950274       1.8778920215685322
2.5132741228718345       1.7278759594743862       0.2586863371668012       0.47528529705618006      1.0673311582190037       1.16065433679731         1.7128976685283486       1.88797281720998
2.5132741228718345       1.8849555921538759       0.24972430120314174      0.4758667774197289       1.08871034096671         1.1793747868248967       1.7578478004254368       1.9339923867462785
2.5132741228718345       2.0420352248333655       0.24118351767649998      0.476369746307718        1.1072027672182365       1.1924303457928305       1.7702891244014043       2.0179496362515645
2.5132741228718345       2.199114857512855        0.23326268183021917      0.47679692209102026      1.1238989453537949       1.2009775277915284       1.7685682284519681       2.1164138486830466
2.5132741228718345       2.356194490192345        0.22615362755031584      0.47715145216973953      1.139163923632885        1.2060263301678615       1.7626416486173975       2.2109381450772134
2.5132741228718345       2.5132741228718345       0.2200382064628314       0.4774365000949766       1.1530571890801375       1.208289460390443        1.7559327010281351       2.28072779097646
2.5132741228718345       2.670353755551324        0.21508268077063397      0.4776549469513617       1.1654947967983078       1.2082459897003779       1.7498460609133575       2.318405427425368
2.5132741228718345       2.827433388230814        0.21143004110410757      0.47780919008585476      1.176285438750386        1.2062621670350124       1.7450990391991958       2.3408825706862078
2.5132741228718345       2.9845130209103035       0.20919123384038135      0.47790101500692034      1.1849483774121017       1.2028776181967284       1.742102568302571        2.3555259587481476
2.5132741228718345       3.141592653589793        0.20843686314981316      0.47793151919436383      1.1891774342160255       1.2004083876917468       1.7410796747367918       2.3611086561517736
2.670353755551324        0                        0.1144045372407135       0.3315564489462528       0.46948776777481954      1.007338275112264        1.3881266705847113       2.019415011535853
2.670353755551324        0.15707963267948966      0.17170908106483343      0.3321550381755251       0.4696440025665203       1.0084664048187626       1.3893330419306233       2.0144764584737134
2.670353755551324        0.3141592653589793       0.2708576099855308       0.34106239571326813      0.47016729773211435      1.0118374244383026       1.393085651523272        2.002269936470125
2.670353755551324        0.47123889803846897      0.30994733315119816      0.4175676248726536       0.47186791189552896      1.017416070028962        1.3998095525485015       1.9865025016397753
2.670353755551324        0.6283185307179586       0.309695969855552        0.4692757225418979       0.5371228730030442       1.0251591699546276       1.4103076333538596       1.96914402223972
2.670353755551324        0.7853981633974483       0.3046641209809856       0.4709213186991483       0.6527373413838341       1.0350450732413674       1.4259116499157514       1.9511071715541137
2.670353755551324        0.9424777960769379       0.29786467912203085      0.47190071221781865      0.7629676033322061       1.0471325497576114       1.4486776738768727       1.9329054632344387
2.670353755551324        1.0995574287564276       0.2899995343869391       0.47277357716706037      0.8625782426738492       1.0616812515069145       1.4814786453340425       1.914957440521783
2.670353755551324        1.2566370614359172       0.28142664932673855      0.47358546564115306      0.9464073217886422       1.0793645838314463       1.527549390614488        1.8977934606641325
2.670353755551324        1.413716694115407        0.27241220109447317      0.47433645159381965      1.0098910491490611       1.1012489422691367       1.5888304165969376       1.8824160759919253
2.670353755551324        1.5707963267948966       0.2631881223787265       0.47502116192279226      1.0526674444127722       1.1268269376819107       1.66292572738538         1.8715620416232197
2.670353755551324        1.7278759594743862       0.25397048747829265      0.47563565990098616      1.0811946295908728       1.1516750069292334       1.736629007506182        1.8758247672918351
2.670353755551324        1.8849555921538759       0.24496702960595243      0.4761783777827569       1.1027638540941005       1.1718574418196595       1.7756836583549005       1.925386432358633
2.670353755551324        2.0420352248333655       0.23638055555032036      0.47664968704990546      1.1210524970518854       1.1867581447606652       1.7781474716497976       2.01809067095723
2.670353755551324        2.199114857512855        0.22840994458852698      0.47705122745061135      1.137397822151211        1.1972063748651358       1.769932328195085        2.1240401408318155
2.670353755551324        2.356194490192345        0.221248949321043        0.477385304313364        1.1521978616301591       1.2041378001415497       1.759679847442805        2.2291148195569064
2.670353755551324        2.5132741228718345       0.21508260996071435      0.4776544246373083       1.1654901412707335       1.2082523042602409       1.7498439010514002       2.3184110863438896
2.670353755551324        2.670353755551324        0.2100811724393668       0.477860966690848        1.1771692790604573       1.2100102381779536       1.7414539931065633       2.3739888190377894
2.670353755551324        2.827433388230814        0.20639182773104872      0.4780069568836357       1.1870619520923142       1.2097148447526296       1.7350927465827677       2.40716530537586
2.670353755551324        2.9845130209103035       0.20412925894025682      0.4780939261941909       1.1948443068172476       1.207706069773654        1.7311312172989564       2.4326501810548318
2.670353755551324        3.141592653589793        0.2033666613954215       0.478122823480282        1.1987565098398898       1.2057225357030537       1.7297864788864104       2.448289874063081
2.827433388230814        0                        0.11878729745112371      0.3241233203375835       0.46979383036906713      1.0117542398683756       1.3932830388937236       2.0527618857779553
2.827433388230814        0.15707963267948966      0.17599724387687662      0.32404129276461285      0.4699175505115039       1.0128492816820518       1.394575517238562        2.0415188685585153
2.827433388230814        0.3141592653589793       0.27864493190626605      0.3290986628495219       0.47030596609713565      1.0161156005384264       1.3985914506119232       2.0220671376286288
2.827433388230814        0.47123889803846897      0.3104824334531996       0.4134601072680084       0.47127214339618306      1.021499651756897        1.4057715601432537       2.0012335897953157
2.827433388230814        0.6283185307179586       0.3075662242182006       0.4704521649731181       0.5339251575404987       1.028920897870604        1.4169438016421474       1.9800328732859973
2.827433388230814        0.7853981633974483       0.3018152532587942       0.471586753606591        0.6509343851728335       1.038287003481812        1.4334701535075913       1.9587636284652026
2.827433388230814        0.9424777960769379       0.2947286869018683       0.4724163050842931       0.7620515585675393       1.0495223787759558       1.4574307548615715       1.9376054095446267
2.827433388230814        1.0995574287564276       0.2867270337127251       0.473202433590832        0.8629584009569339       1.0626276036605913       1.4917005589277126       1.9167484472710765
2.827433388230814        1.2566370614359172       0.2780808127356666       0.4739518175950099       0.9492464311493978       1.0778167909621246       1.5395160725545323       1.8964829093661177
2.827433388230814        1.413716694115407        0.2690206731844832       0.4746538369749678       1.0169439198351702       1.095799623772833        1.6030073286595985       1.8774059108947392
2.827433388230814        1.5707963267948966       0.25976180047851427      0.4752989022000187       1.0641838848803236       1.1176466557597038       1.6806510393504768       1.8613357280240808
2.827433388230814        1.7278759594743862       0.25051183141745514      0.4758809148366181       1.0945104219126596       1.1417287259752484       1.7599263513110657       1.858353561515384
2.827433388230814        1.8849555921538759       0.24147436948315174      0.4763969563009343       1.1159955500279568       1.1631569166451998       1.791368640514116        1.9141306406096616
2.827433388230814        2.0420352248333655       0.23285066777086033      0.4768464395033555       1.1337629577483177       1.1797516677501332       1.7838294738667089       2.0160680954486105
2.827433388230814        2.199114857512855        0.22483980580173987      0.4772302771259045       1.1495328970149472       1.191900225121586        1.7705263778521645       2.12759212895475
2.827433388230814        2.356194490192345        0.21763704364688094      0.47755020831193123      1.1637113209048782       1.2004976814583528       1.757138826705783        2.2391984387890247
2.827433388230814        2.5132741228718345       0.21142990926977248      0.4778082985058119       1.1762725044974482       1.2062780778994155       1.7450955423669479       2.3408930767483684
2.827433388230814        2.670353755551324        0.20639176667604647      0.47800658733607143      1.1870535893754732       1.2097245696701686       1.7350912736880797       2.407165298689959
2.827433388230814        2.827433388230814        0.20267311061947277      0.47814685096615606      1.1958689046360655       1.2111128201055312       1.7275977096668038       2.4384458225735672
2.827433388230814        2.9845130209103035       0.20039157681514883      0.4782304484005531       1.202522347582859        1.210616125137913        1.7229571091253988       2.4566664521644554
2.827433388230814        3.141592653589793        0.19962241501078723      0.4782582279743091       1.205958775215117        1.2092396275300386       1.7213853689890914       2.463467631048274
2.9845130209103035       0                        0.12158828008437395      0.31948546266592126      0.4699711028081028       1.0143969842671667       1.3965373956012959       2.072147771193272
2.9845130209103035       0.15707963267948966      0.17884620512787644      0.3188891044680992       0.47007657718411244      1.0154714427216107       1.3978834312985227       2.0514052416953406
2.9845130209103035       0.3141592653589793       0.2859321158441254       0.3192835655048217       0.4703899879949759       1.0186728431604448       1.40206310303602         2.028801883620851
2.9845130209103035       0.47123889803846897      0.3108395988718834       0.41088344571728824      0.47096551173137086      1.0239369416435884       1.4095271277937915       2.0061348427358143
2.9845130209103035       0.6283185307179586       0.306258164562556        0.47119511871104436      0.5319726680536254       1.0311615201763173       1.42111966616561         1.9834557991279609
2.9845130209103035       0.7853981633974483       0.30007680908045026      0.4719820631208215       0.6498569214143166       1.0402136052292166       1.438223100964296        1.9608147451798166
2.9845130209103035       0.9424777960769379       0.2928176849076178       0.47272040686108         0.761503306445413        1.0509404123190935       1.4629371732050267       1.9382783313511731
2.9845130209103035       1.0995574287564276       0.2847329872048633       0.47345511964062637      0.8631800866008693       1.0631882571029732       1.4981517195057326       1.9159404531447461
2.9845130209103035       1.2566370614359172       0.27604128935932243      0.47416781665459334      0.9509789010414104       1.076845966520727        1.5471431654384007       1.893942743281518
2.9845130209103035       1.413716694115407        0.26695210651819223      0.47484119509760175      1.0217059039913599       1.0919813753227174       1.612279549429455        1.8725387541779446
2.9845130209103035       1.5707963267948966       0.2576706271484397       0.4754630882465252       1.073843246977473        1.1093590145538914       1.6931441296320777       1.8524244424807486
2.9845130209103035       1.7278759594743862       0.24839943198885847      0.4760261042254656       1.107245718865333        1.1309733252252898       1.7816085211219532       1.8393921914315126
2.9845130209103035       1.8849555921538759       0.23933964505328878      0.47652653046839555      1.1280525537281807       1.1537704405614169       1.8030415714850236       1.9044437002025805
2.9845130209103035       2.0420352248333655       0.23069159638164968      0.47696322294638566      1.1446910890286675       1.1721987908041533       1.7873113604308788       2.0141673456611016
2.9845130209103035       2.199114857512855        0.22265451725644617      0.4773366743730526       1.1596090295193608       1.1858825047543908       1.7707539526844023       2.129235352318266
2.9845130209103035       2.356194490192345        0.21542463383305496      0.4776482975473262       1.1730826018395277       1.1958258158890693       1.7554634015497896       2.244760424697177
2.9845130209103035       2.5132741228718345       0.2091910611339381       0.47789990344150984      1.1849190285458306       1.2029107640017183       1.742098471009485        2.3555420210654057
2.9845130209103035       2.670353755551324        0.2041291569162325       0.47809333637829965      1.1948188721295663       1.2077337457201793       1.731128935569916        2.4326499368601953
2.9845130209103035       2.827433388230814        0.20039153579761063      0.4782302280513918       1.2025054787317193       1.2106338953067068       1.7229562250881363       2.4566663192341123
2.9845130209103035       2.9845130209103035       0.19809773420569723      0.4783118380938247       1.207811608473819        1.2117282900906765       1.7179067565801274       2.469412124566391
2.9845130209103035       3.141592653589793        0.19732432760797697      0.47833895672351995      1.2104369581838128       1.2112466737962257       1.7161980034832636       2.473901876058794
3.141592653589793        0                        0.12255377646448627      0.3179065770284658       0.47002916836954667      1.015276586273167        1.3976503778448144       2.0735800419269634
3.141592653589793        0.15707963267948966      0.17984989490370087      0.31711638650790536      0.47012876506208523      1.0163440443944          1.3990147046073014       2.05301247931879
3.141592653589793        0.3141592653589793       0.28959464286533515      0.31477479411834586      0.4704180920333073       1.0195234448108723       1.4032501140883327       2.030119373267447
3.141592653589793        0.47123889803846897      0.31096533058315834      0.4100060546736714       0.4708709278441346       1.0247470246531514       1.4108107741366585       2.007133374031798
3.141592653589793        0.6283185307179586       0.30581701039713943      0.4714498786606021       0.5313153480736453       1.0319054656378965       1.4225464834043835       1.9841149950119608
3.141592653589793        0.7853981633974483       0.2994923850223798       0.472113232131357        0.64949848455919         1.040852543217432        1.4398468983021149       1.9611104092901361
3.141592653589793        0.9424777960769379       0.29217568928411464      0.4728209528697881       0.7613207947363103       1.0514102988938276       1.4648193766027815       1.9381754217343332
3.141592653589793        1.0995574287564276       0.28406311371881393      0.47353862900684623      0.8632529393019021       1.0633738261837964       1.5003615846524547       1.915381193777535
3.141592653589793        1.2566370614359172       0.2753560032196155       0.47423922944912544      0.9515616021169621       1.0765149199053643       1.5497716574535496       1.892818077416205
3.141592653589793        1.413716694115407        0.26625685832345053      0.47490318027059075      1.0234147751138352       1.0905840964465001       1.6155268401331098       1.8705994485673259
3.141592653589793        1.5707963267948966       0.25696754359075263      0.47551744802443285      1.0783439712578125       1.1053107828260915       1.6977624965411484       1.848865936024484
3.141592653589793        1.7278759594743862       0.2476889554328771       0.4760742103017686       1.1184705422973578       1.1204019081175833       1.7940047226699136       1.8277900874188666
3.141592653589793        1.8849555921538759       0.23862139113394643      0.476569492600397        1.1355381572757512       1.1471675232120564       1.8075811964552726       1.9004688930566174
3.141592653589793        2.0420352248333655       0.22996487472991076      0.47700196825512414      1.1503724411142482       1.1676353286760028       1.7884898579397521       2.0134283102614963
3.141592653589793        2.199114857512855        0.2219186937296474       0.4773719926940292       1.1645254723046607       1.1823131833999823       1.770810684767644        2.1297186330084177
3.141592653589793        2.356194490192345        0.21467940728029578      0.4776808721681779       1.177587664934298        1.1928841332162305       1.7548814948405775       2.24657471146062
3.141592653589793        2.5132741228718345       0.20843667626913656      0.47793033458435596      1.1891261909378028       1.2004636640793098       1.741075642814283        2.3611276403572923
3.141592653589793        2.670353755551324        0.20336654504923812      0.4781221604967315       1.1987024777548225       1.2057790930048349       1.72978403357583         2.448290885244812
3.141592653589793        2.827433388230814        0.19962235959314137      0.47825793441210795      1.2059025815990865       1.2092970307447808       1.721384218837034        2.4634682387175584
3.141592653589793        2.9845130209103035       0.19732431318143906      0.4783388835004869       1.210379390677469        1.2113045575021946       1.7161977056159134       2.473902057730829
3.141592653589793        3.141592653589793        0.19654943998904437      0.47836577900078375      1.211899156167097        1.2119573834037063       1.7144429712976392       2.4776799626592845
